tree
version=v4
num_class=1
num_tree_per_iteration=1
label_index=0
max_feature_idx=8
objective=binary sigmoid:1
feature_names=entry_adx cci_abs st_gap_ratio efficiency_ratio volatility_zscore session_cluster dist_to_ct_vwap_atr ct_vwap_slope_20_atr vwap_deviation_z_50
feature_infos=[25.004839627949611:96.056168322344988] [100.03865462690456:399.99999949307511] [0.052750074141970624:9.310290288958452] [0:0.83076923073726161] [-2.1964541850606651:9.3184438014241504] [0:2] [-14.441437264880207:12.935489232985441] [-1.761739952898018:2.0166890319024562] [-4.8723344226327212:5]
tree_sizes=1686 1719 1737 1724 1736 1733 1738 1726 1728 1723 1727 1727 1728 1736 1730 1731 1735 1732 1732

Tree=0
num_leaves=15
num_cat=0
split_feature=2 8 8 1 8 2 2 7 5 3 0 6 1 1
split_gain=44.4459 22.6038 8.69616 5.90047 5.10306 13.2109 8.03972 5.37018 4.97891 5.37868 4.4342 4.37756 5.67428 2.79259
threshold=5.543144728246042 1.0139290672421681 -0.44829948237393774 126.13662347761006 2.2745544918646883 4.3066065455947351 4.5094975762731115 0.053389698800989795 1.5000000000000002 0.296550724620464 26.346331046915196 -0.19986069162986783 130.09208319616204 147.73561862341228
decision_type=2 2 2 2 2 2 2 2 2 2 2 2 2 2
left_child=1 2 8 -4 5 7 -6 -3 9 11 -10 12 -1 -9
right_child=-2 4 3 -5 6 -7 -8 13 10 -11 -12 -13 -14 -15
leaf_value=-0.95299295046582777 -0.98731219187607577 -0.95193924608609459 -0.95549839069264764 -0.97529596309789557 -0.95059329764364964 -0.9603132990532004 -0.92103779261657537 -0.92671117779449197 -0.96018886749160903 -0.94619256039436006 -0.94361099824919792 -0.94959442631143753 -0.97005914044060104 -0.94574677293617393
leaf_weight=23.47098433971405 31.2946457862854 23.47098433971405 20.863097190856934 33.300712823867798 16.850963115692139 40.522554159164429 16.249143004417419 23.069770932197571 17.653389930725098 20.261277079582214 43.130441308021545 17.653389930725098 51.355316162109375 19.458850264549255
leaf_count=117 156 117 104 166 84 202 81 115 88 101 215 88 256 97
internal_value=-0.955623 -0.952533 -0.95837 -0.968304 -0.94325 -0.947153 -0.933449 -0.939312 -0.955001 -0.958713 -0.948406 -0.961799 -0.964876 -0.933465
internal_weight=398.606 367.311 227.689 54.1638 139.622 106.522 33.1001 65.9996 173.525 112.741 60.7838 92.4797 74.8263 42.5286
internal_count=1987 1831 1135 270 696 531 165 329 865 562 303 461 373 212
is_linear=0
shrinkage=1


Tree=1
num_leaves=15
num_cat=0
split_feature=2 8 8 6 3 5 1 0 3 8 1 6 6 3
split_gain=42.6969 21.4196 8.36075 4.84455 9.62466 4.78113 5.88114 4.7842 4.72809 4.09353 4.0177 3.54278 2.61141 2.41497
threshold=5.543144728246042 1.0139290672421681 -0.69310438191306822 1.6560089843259791 0.12230215826751491 1.5000000000000002 130.09208319616204 26.346331046915196 0.18661691541803868 -2.4543791377005548 126.13662347761006 -0.79090580844045244 -1.6244838422525489 0.10231746599357086
decision_type=2 2 2 2 2 2 2 2 2 2 2 2 2 2
left_child=1 2 5 4 -3 6 -1 -7 13 -8 -4 -11 -9 -5
right_child=-2 3 10 8 -6 7 9 12 -10 11 -12 -13 -14 -15
leaf_value=0.0075716426626807453 -0.031250439027310534 0.015069878550882546 -0.0021721980193502269 0.012400467848802471 -0.0087378065149696666 -0.0048118762861881362 0.0047655120954709761 0.0022517407974374385 0.021676917687905889 -0.014871418809650309 -0.017394835783011906 0.0011132202328312519 0.018057187988636644 -0.001972660656034552
leaf_weight=30.352194860577583 30.8508460521698 27.774378448724747 27.700401678681374 19.944107636809349 24.141840532422066 17.016981542110443 17.004572466015816 16.134034395217896 52.258885771036148 42.342322215437889 36.218027502298355 16.047639086842537 24.604402452707291 16.122371971607208
leaf_count=151 156 138 138 99 120 85 85 80 259 212 182 80 122 80
internal_value=1.95493e-05 0.00302752 -0.00266704 0.0120359 0.0042039 0.000997839 -0.00278184 0.00758847 0.0161676 -0.0071616 -0.011434 -0.010737 0.012728 0.00651751
internal_weight=398.513 367.662 227.421 140.242 51.9162 163.502 105.747 57.7554 88.3254 75.3945 63.9184 58.39 40.7384 36.0665
internal_count=1987 1831 1135 696 258 815 528 287 438 377 320 292 202 179
is_linear=0
shrinkage=0.03


Tree=2
num_leaves=15
num_cat=0
split_feature=8 8 1 4 3 5 4 1 4 7 8 8 4 0
split_gain=30.5503 27.5078 12.1245 6.98701 6.78241 7.35741 5.45151 5.46598 5.16553 4.87738 4.82769 4.05562 3.78141 1.95858
threshold=1.0139290672421681 -0.44829948237393774 126.13662347761006 -0.088511331533004903 0.31068764567697177 1.5000000000000002 -0.10335518635474682 206.26366203844245 -0.46328973531373757 0.053389698800989795 1.8282095651282761 1.7395305288505543 0.29823349223901663 27.900762229760904
decision_type=2 2 2 2 2 2 2 2 2 2 2 2 2 2
left_child=1 3 -3 8 5 12 9 10 -1 -2 -8 -11 -5 -10
right_child=6 2 -4 4 -6 -7 7 -9 13 11 -12 -13 -14 -15
leaf_value=0.0066465028164591038 -0.0059502205217749262 -0.00072623165029476685 -0.027070196736818181 0.0028148757818347177 0.020195501505939236 0.011897364357979752 0.0086120652085360187 0.00049356437136292668 -0.00095177958608028634 0.017612180963900149 0.026950840885284478 -0.0008356833529960504 -0.013433238855875787 -0.01260236446428542
leaf_weight=19.856100916862488 24.368308961391449 21.428924068808556 57.112589791417122 21.376595288515091 18.277586951851845 30.247175961732864 29.523277103900909 16.982256978750229 18.618839234113693 20.712392553687096 33.823143005371094 17.656487047672272 22.764180183410645 45.725847765803337
leaf_count=99 121 107 291 107 91 150 146 84 93 102 167 87 114 228
internal_value=1.79802e-05 -0.00616878 -0.0203563 0.000517939 0.00604855 0.00151953 0.0108982 0.0158737 -0.00556654 0.00382611 0.0196592 0.0100053 -0.00607878 -0.00954284
internal_weight=398.474 255.408 78.5415 176.866 92.6655 74.388 143.066 80.3287 84.2008 62.7372 63.3464 38.3689 44.1408 64.3447
internal_count=1987 1280 398 882 462 371 707 397 420 310 313 189 221 321
is_linear=0
shrinkage=0.03


Tree=3
num_leaves=15
num_cat=0
split_feature=2 8 4 0 1 4 0 6 8 2 7 1 8 2
split_gain=39.9328 18.9791 8.65043 7.28381 6.45437 6.43216 6.32255 5.44314 4.8541 11.2388 4.62899 3.98103 3.82626 3.2519
threshold=5.543144728246042 1.0139290672421681 -0.10616683939581303 52.567159770809646 208.27243201158896 -0.10335518635474682 26.564466513360774 -0.87763053529094781 2.2141560096508646 4.3103988423440898 0.053389698800989795 129.51732377696595 1.7395305288505543 4.1371560272384587
decision_type=2 2 2 2 2 2 2 2 2 2 2 2 2 2
left_child=1 2 7 4 6 10 -4 11 9 -7 -3 -1 -12 -13
right_child=-2 5 3 -5 -6 8 -8 -9 -10 -11 12 13 -14 -15
leaf_value=0.008564073012713001 -0.030558950701557262 -0.0058149745772976408 -0.0011979797167783559 -0.012247256828563332 -0.0091463420387031327 0.020657564875730245 0.01528066411308044 -0.014826636088905581 0.027246363069666664 -0.0052483536263385052 0.017080445635863892 -0.014332520800560151 -0.00081637984510868312 0.0025391673309507006
leaf_weight=18.288342118263245 30.111924216151237 24.304294511675835 31.423301592469215 18.646853670477867 16.321823388338089 31.398839339613914 54.04418183863163 53.62017785012722 24.407773435115814 22.883945286273956 20.869697853922844 18.254990950226784 17.650086179375648 16.119738891720772
leaf_count=91 156 121 157 94 82 154 269 269 119 113 102 92 87 81
internal_value=2.82887e-05 0.0029054 -0.00248317 0.00298139 0.00621395 0.0113285 0.0094907 -0.00853114 0.0168098 0.0102149 0.00372981 -0.00139141 0.00972833 -0.00710293
internal_weight=398.346 368.234 226.719 120.436 101.789 141.515 85.4675 106.283 78.6906 54.2828 62.8241 52.6631 38.5198 34.3747
internal_count=1987 1831 1135 602 508 696 426 533 386 267 310 264 189 173
is_linear=0
shrinkage=0.03


Tree=4
num_leaves=15
num_cat=0
split_feature=2 8 4 4 0 5 2 8 2 8 2 1 6 4
split_gain=38.349 17.9705 8.19714 6.02886 5.04033 5.43879 4.59917 5.04668 4.71637 4.53285 10.5715 4.35245 4.02627 3.81102
threshold=5.543144728246042 1.0139290672421681 -0.19837136058756574 -0.10335518635474682 46.500187582049612 1.0000000180025095e-35 3.9229654626360095 -1.9609161082025954 3.5321421079278319 2.2141560096508646 4.3103988423440898 151.37288006628106 -0.87763053529094781 -0.35342065859001343
decision_type=2 2 2 2 2 2 2 2 2 2 2 2 2 2
left_child=1 2 12 11 5 -4 8 -8 -7 10 -5 13 -1 -3
right_child=-2 3 4 9 -6 6 7 -9 -10 -11 -12 -13 -14 -15
leaf_value=-0.0021130716633940209 -0.030157568124485723 -0.00023263803055318882 -0.0068037666791872474 0.019968668938247076 -0.0083708310532082698 0.0036027537694174063 0.010974171943990045 -0.0059946289740275003 0.025823479078999696 0.026313903952300998 -0.005128922645138651 -0.0051758452217502728 -0.014978445853784304 0.017922656772815133
leaf_weight=41.496437326073647 29.670564353466034 18.726597830653191 23.531624257564545 31.675789400935173 27.737787336111069 17.579071566462517 25.759762600064278 27.772430598735809 16.313997864723206 24.687333554029465 22.831543788313866 26.111038893461227 46.314175918698311 18.068604782223701
leaf_count=208 156 92 118 154 140 88 128 138 81 119 113 129 234 89
internal_value=2.47138e-05 0.00282529 -0.00242832 0.0109973 0.00212038 0.00499091 0.00836192 0.00241071 0.0162432 0.0162814 0.00990837 0.00363597 -0.00934006 0.00976023
internal_weight=398.277 368.606 226.505 142.101 138.695 110.957 87.4253 53.5322 33.8931 79.1947 54.5073 62.9062 87.8106 36.7952
internal_count=1987 1831 1135 696 693 553 435 266 169 386 267 310 442 181
is_linear=0
shrinkage=0.03


Tree=5
num_leaves=15
num_cat=0
split_feature=2 4 8 1 8 8 7 7 0 4 0 5 3 0
split_gain=35.8948 11.9074 8.32284 7.92462 7.22308 4.86259 4.92757 6.87229 3.5365 3.43092 2.63487 2.48639 1.89378 1.02061
threshold=5.543144728246042 -0.2190929929945635 0.77714657485151806 203.73863896540823 -0.27126886247235599 -1.8069279033675973 -0.046095152288237656 0.012343328682439493 26.255416411925374 -0.078007347980344352 45.569763131666228 1.5000000000000002 0.13717446935967106 31.143123516702996
decision_type=2 2 2 2 2 2 2 2 2 2 2 2 2 2
left_child=1 5 4 9 8 -1 -7 -8 -3 -4 -9 12 -10 -11
right_child=-2 2 3 -5 -6 6 7 10 11 13 -12 -13 -14 -15
leaf_value=-0.015514138827379974 -0.028268428564344413 -0.0030387025871054757 0.0041192438134185425 -0.0032248017398800888 -0.011733997687677482 0.0095197768156031013 -0.014801839385722999 -0.0033106648131405992 -0.0024592202358754401 0.014514696524751475 0.0092093711542954922 0.014808979428773685 0.0081408836742841561 0.027648340313405968
leaf_weight=20.46208381652832 29.978839680552483 29.248157724738121 16.483894109725952 18.097240597009659 21.524968609213829 25.56159271299839 29.979335382580757 30.880269542336464 21.908003285527229 40.418249651789665 21.581676200032234 30.875850632786751 33.630117073655128 22.465877503156662
leaf_count=103 160 146 81 88 110 128 151 153 110 196 108 151 168 109
internal_value=0.000784453 0.00353443 0.007498 0.0139816 0.00256199 -0.00371504 -0.000892066 -0.0044801 0.00559849 0.0178636 0.00219298 0.00852819 0.00410172 0.0208976
internal_weight=393.096 363.117 234.652 97.4653 137.187 128.465 108.003 82.4413 115.662 79.368 52.4619 86.414 55.5381 62.8841
internal_count=1962 1802 1159 474 685 643 540 412 575 386 261 429 278 305
is_linear=0
shrinkage=0.03


Tree=6
num_leaves=15
num_cat=0
split_feature=2 4 8 1 8 8 8 7 7 6 4 0 7 7
split_gain=34.4363 11.2718 7.84391 7.45771 6.87786 4.66973 4.68451 7.23547 3.68442 3.40809 3.19794 2.97739 2.41818 4.08939
threshold=5.543144728246042 -0.2190929929945635 0.77714657485151806 203.73863896540823 -0.27126886247235599 -1.8069279033675973 -0.99818211657013522 0.053389698800989795 -0.027832817290742291 -1.5915197905051015 -0.078007347980344352 27.459612072859425 -0.11802925310722363 -0.28895682137246753
decision_type=2 2 2 2 2 2 2 2 2 2 2 2 2 2
left_child=1 5 4 10 9 -1 -7 8 -8 12 -4 -11 13 -3
right_child=-2 2 3 -5 -6 6 7 -9 -10 11 -12 -13 -14 -15
leaf_value=-0.015227699869819419 -0.02788600302552487 -0.0049586632871075386 0.0040188810436306488 -0.0031524046072263817 -0.01150022129981243 0.0089487038037248095 -0.00019805186127955246 0.0050350128719581421 -0.017781198177347874 0.00032153709589039138 0.020212117582359877 0.014824188907890175 -0.0069615843378317468 0.012593470462291121
leaf_weight=20.317827492952347 29.553299829363823 18.687771245837212 16.51309472322464 18.072675541043282 21.407095327973366 27.119323953986168 16.009234502911568 36.613046064972878 28.212144181132317 18.53699292242527 63.385886371135712 37.391998529434204 20.913160234689713 20.38441863656044
leaf_count=103 160 93 81 88 110 136 80 181 143 92 305 185 104 101
internal_value=0.000761651 0.00343706 0.00728309 0.0135566 0.00248823 -0.0036264 -0.000865523 -0.0044876 -0.0120824 0.00544035 0.0172992 0.0104383 0.000335793 0.00458834
internal_weight=393.118 363.565 235.293 97.9717 137.321 128.272 107.954 80.8344 44.2214 115.914 79.899 55.929 59.9854 39.0722
internal_count=1962 1802 1159 474 685 643 540 404 223 575 386 277 298 194
is_linear=0
shrinkage=0.03


Tree=7
num_leaves=15
num_cat=0
split_feature=2 4 6 3 1 1 7 7 7 1 1 6 0 3
split_gain=33.1643 11.2587 6.80612 11.399 6.419 5.44847 4.06807 3.17406 6.10303 12.1093 4.99463 2.28773 2.16525 2.7134
threshold=5.9388370287516681 -0.2190929929945635 -1.5915197905051015 0.31068764567697177 190.7228166382163 171.4285690495503 0.21851653043220001 0.10746011490242537 -0.0042645483796026592 129.51732377696595 127.47548805915662 1.1788324505432506 26.375538513804319 0.15398400881626656
decision_type=2 2 2 2 2 2 2 2 2 2 2 2 2 2
left_child=1 5 3 -3 6 7 12 8 9 -1 -10 -6 -4 -14
right_child=-2 2 4 -5 11 -7 -8 -9 10 -11 -12 -13 13 -15
leaf_value=0.015958054785226054 -0.02977096842755134 -0.0090499793849717364 0.0022125866206821349 0.016032374419358349 0.0069815713892505838 -0.014365331244997531 0.024282056300655226 0.0088101739470267445 -0.021272143584417761 -0.01221909271495405 0.00036701197883557004 -0.0054029028290798553 0.016852056435430585 0.0048134626516394058
leaf_weight=26.266431495547295 24.739165470004082 46.750002980232239 27.542777925729752 18.833346962928772 19.114524275064468 28.510842859745026 22.418591931462288 20.983302071690559 17.281255111098289 19.741747945547104 16.573961958289146 25.283519327640533 45.857875287532806 33.273693695664406
leaf_count=131 136 234 135 93 96 145 108 103 87 100 84 124 224 162
internal_value=0.000729124 0.00314831 0.00695517 -0.00122169 0.00999384 -0.00388441 0.0132675 -0.000382676 -0.00317478 0.00385487 -0.0119946 9.5922e-05 0.0099691 0.0123769
internal_weight=393.171 368.432 239.074 65.5833 173.491 129.358 129.093 100.847 79.8634 46.0082 33.8552 44.398 106.674 79.1316
internal_count=1962 1826 1176 327 849 650 629 505 402 231 171 220 521 386
is_linear=0
shrinkage=0.03


Tree=8
num_leaves=15
num_cat=0
split_feature=2 7 4 1 7 1 1 6 7 2 2 7 4 4
split_gain=31.8961 10.7241 9.24864 6.84655 3.8509 10.5091 5.82128 3.81703 4.56209 4.03141 4.633 6.09202 4.00168 3.87732
threshold=5.9388370287516681 0.21851653043220001 -0.2190929929945635 162.06609428409726 -0.0042645483796026592 129.51732377696595 127.47548805915662 -1.7962303143265019 -0.11802925310722363 3.5321421079278319 4.0245456885747375 -0.027832817290742291 0.29823349223901663 0.23317554838562479
decision_type=2 2 2 2 2 2 2 2 2 2 2 2 2 2
left_child=1 2 3 4 5 -1 -6 8 13 -9 -11 -12 -13 -4
right_child=-2 -3 7 -5 6 -7 -8 9 -10 10 11 12 -14 -15
leaf_value=0.015462631410306266 -0.029414865744828211 0.014828543707317055 -0.0061035953156260338 -0.017458954263588036 -0.016637021556937342 -0.01160911750352356 0.0041483751996817912 -0.0017393103246767501 -0.011984322847069887 0.02006352054206666 0.019614441596498111 0.0074161963352317268 -0.006286697710207634 0.011072105553555608
leaf_weight=26.452091172337532 24.353878691792488 53.784632489085197 16.073056548833847 28.07000170648098 21.620740905404091 17.277182757854462 19.307030662894249 33.232699692249298 19.440821632742882 25.783354640007019 16.842478111386299 37.347993195056915 30.196576133370399 23.387264981865883
leaf_count=131 136 261 80 144 109 88 97 165 98 125 82 182 148 116
internal_value=0.000707393 0.00306328 0.00085433 -0.00587553 -0.00127532 0.00467304 -0.00744768 0.00465558 -0.00167792 0.00722588 0.00988832 0.00583103 0.00127909 0.00417643
internal_weight=393.17 368.816 315.031 112.727 84.657 43.7293 40.9278 202.304 58.9011 143.403 110.17 84.387 67.5446 39.4603
internal_count=1962 1826 1565 569 425 219 206 996 294 702 537 412 330 196
is_linear=0
shrinkage=0.03


Tree=9
num_leaves=15
num_cat=0
split_feature=2 4 8 8 1 1 5 8 0 2 3 7 7 1
split_gain=30.6735 10.1988 7.3712 8.02127 5.30607 4.99066 3.96458 4.03639 3.5341 3.10838 3.06722 4.16416 8.09928 9.27931
threshold=5.9388370287516681 -0.2190929929945635 0.77714657485151806 -0.27126886247235599 203.73863896540823 171.4285690495503 1.5000000000000002 -2.4020739576299808 33.495053065887141 4.1830920948238246 0.3333333333036918 0.043660772335722915 -0.0042645483796026592 129.51732377696595
decision_type=2 2 2 2 2 2 2 2 2 2 2 2 2 2
left_child=1 5 3 6 -4 10 7 -3 9 -9 11 12 13 -1
right_child=-2 2 4 -5 -6 -7 -8 8 -10 -11 -12 -13 -14 -15
leaf_value=0.016026384367792721 -0.029066996700820517 0.011773164988590937 0.015726390424115069 -0.012691603621653514 -0.0015331362186031996 -0.013833401173351401 0.011581392132198358 0.00059307114444232922 0.005216993960391973 -0.01659278543620802 -0.010393390225033789 0.01140450030386222 -0.015832071141039211 -0.010528854034958436
leaf_weight=23.990114480257034 23.971620112657547 16.30544488132 81.523074850440025 22.625416398048401 18.647905185818672 28.15375691652298 46.355745688080788 16.277828186750412 21.879240185022354 16.596130430698395 17.049448370933533 24.288247421383858 19.917450755834579 15.591832071542738
leaf_count=118 136 81 388 117 91 145 226 81 109 83 85 120 102 80
internal_value=0.000681479 0.00297557 0.00658185 0.00199601 0.0125932 -0.00373515 0.00522906 0.000596128 -0.00343901 -0.00912819 -0.000395393 0.00210977 -0.00227439 0.00555827
internal_weight=393.173 369.202 240.211 140.04 100.171 128.991 117.414 71.0586 54.7532 32.874 100.837 83.7876 59.4994 39.5819
internal_count=1962 1826 1176 697 479 650 580 354 273 164 505 420 300 198
is_linear=0
shrinkage=0.03


Tree=10
num_leaves=15
num_cat=0
split_feature=2 8 8 4 1 3 8 0 1 2 0 8 8 6
split_gain=29.2688 17.2301 8.93446 8.16054 7.57979 5.72192 5.50313 4.6169 5.2642 3.42392 3.26426 2.77835 3.54237 2.40337
threshold=5.9388370287516681 1.0139290672421681 -0.44829948237393774 -0.14991257871549826 152.96938812118989 0.34964236174715135 -2.3435522995784348 26.964472740910271 161.51457033909932 4.0439775042753334 29.613901375750171 1.9316904646027704 1.614106546162829 0.69995717774914257
decision_type=2 2 2 2 2 2 2 2 2 2 2 2 2 2
left_child=1 2 5 4 -3 6 -1 9 -9 -8 -4 12 -5 -12
right_child=-2 3 10 11 -6 -7 7 8 -10 -11 13 -13 -14 -15
leaf_value=-0.011919806742436609 -0.028616268853554568 0.0096493487494575952 -0.0012369669388456583 0.015988293619950515 -0.011110664400108551 0.014437082326710128 0.0025709144816948993 0.010417396506667009 -0.0058660192223469526 -0.013460080768307809 -0.023323685481634628 0.021582224547180319 -0.00080686673147305156 -0.0061187054733207154
leaf_weight=27.3745386749506 23.257692977786064 36.763084173202515 18.239975705742836 21.994355410337448 20.590463727712631 20.534698516130447 20.732215151190758 58.779722094535828 21.088181659579277 19.656173065304756 18.990744054317474 46.072230994701385 18.653783977031708 17.379472240805626
leaf_count=137 134 180 93 104 103 101 103 291 106 99 99 218 89 90
internal_value=0.000830083 0.00305662 -0.00218117 0.0109571 0.00190301 0.00131905 -0.000918767 0.00196131 0.00602566 -0.00585433 -0.0121663 0.016515 0.00903669 -0.0168354
internal_weight=390.107 366.85 222.776 144.074 57.3535 168.166 147.631 120.256 79.8679 40.3884 54.6102 86.7204 40.6481 36.3702
internal_count=1947 1813 1119 694 283 837 736 599 397 202 282 411 193 189
is_linear=0
shrinkage=0.03


Tree=11
num_leaves=15
num_cat=0
split_feature=2 8 4 1 8 7 3 8 0 1 2 8 2 7
split_gain=28.1481 15.1716 7.55685 7.20191 6.69675 6.24284 4.47098 5.13158 4.44088 4.79177 3.28166 2.53074 9.94129 2.68609
threshold=5.543144728246042 1.0139290672421681 -0.14991257871549826 152.96938812118989 -0.44829948237393774 0.034797035867354602 0.34964236174715135 -2.3435522995784348 26.964472740910271 161.51457033909932 4.0439775042753334 2.2745544918646883 4.3066065455947351 0.12310777326887981
decision_type=2 2 2 2 2 2 2 2 2 2 2 2 2 2
left_child=1 4 3 -3 6 -6 7 -1 10 -10 -9 12 13 -4
right_child=-2 2 11 -5 5 -7 -8 8 9 -11 -12 -13 -14 -15
leaf_value=-0.011508393779536736 -0.026085849287479628 0.0093601959066203066 0.0087202884052482287 -0.010886694462124757 -0.018813909274208077 0.0012483094524912315 0.012860207743480965 0.0025064531092961247 0.010086539752328299 -0.0055070048549643313 -0.013203494378513491 0.024070573598839018 -0.0031125558303024548 0.027908228223153878
leaf_weight=27.043161422014236 27.264606714248657 36.913920670747757 18.747182637453079 20.488076463341713 29.278942331671715 22.558649882674217 20.091846734285355 20.755671307444572 59.046441674232483 20.854517966508865 19.536012962460518 24.76103164255619 25.431163087487221 17.353886842727661
leaf_count=136 158 180 88 103 153 115 98 103 291 105 99 115 122 81
internal_value=0.000793167 0.00313991 0.0105412 0.00184035 -0.00183962 -0.0107415 0.00114979 -0.000818106 0.00195076 0.00593192 -0.00572745 0.0159112 0.0110656 0.020217
internal_weight=390.125 362.861 143.695 57.402 219.165 51.8376 167.328 147.236 120.193 79.901 40.2917 86.2933 61.5322 36.1011
internal_count=1947 1789 689 283 1100 268 832 734 598 396 202 406 291 169
is_linear=0
shrinkage=0.03


Tree=12
num_leaves=15
num_cat=0
split_feature=2 8 8 4 1 7 3 8 2 2 2 8 8 1
split_gain=27.1644 15.472 8.16447 7.27943 6.84359 6.55445 5.20783 4.39507 3.95912 7.24621 4.32564 2.50373 3.27176 2.47863
threshold=5.9388370287516681 1.0139290672421681 -0.44829948237393774 -0.14991257871549826 152.96938812118989 0.034797035867354602 0.35795971406853982 -2.3435522995784348 4.0291790220744419 3.8280295821077339 4.293479389552922 1.9316904646027704 1.614106546162829 144.78274099130087
decision_type=2 2 2 2 2 2 2 2 2 2 2 2 2 2
left_child=1 2 6 4 -3 -4 7 -1 9 13 -10 12 -5 -9
right_child=-2 3 5 11 -6 -7 -8 8 10 -11 -12 -13 -14 -15
leaf_value=-0.010700255240197671 -0.027983674638300683 0.0090808641328295938 -0.019662211690237449 0.015126301637228846 -0.010666993658687928 0.00069892518381244853 0.014052541482324672 0.0053679896356486336 -0.011018400465973516 0.020655693221057817 0.0039620994877077251 0.020309085185119681 -0.0009365558193744415 -0.0076721198565168972
leaf_weight=27.29362978041172 22.553214773535728 37.059477418661118 31.116600960493088 22.241241872310638 20.387276634573936 22.930014759302139 19.527957409620285 25.42409160733223 29.367535501718521 17.50532029569149 31.137582764029503 46.722322091460228 18.691953510046005 18.070224985480309
leaf_count=138 134 180 165 104 103 117 95 125 147 86 155 218 89 91
internal_value=0.000771083 0.00288782 -0.00209257 0.0103358 0.0017796 -0.011696 0.00123938 -0.000844372 0.00170497 0.00683612 -0.00359506 0.0155447 0.00848777 -0.000282122
internal_weight=390.028 367.475 222.373 145.102 57.4468 54.0466 168.326 148.798 121.505 60.9996 60.5051 87.6555 40.9332 43.4943
internal_count=1947 1813 1119 694 283 282 837 742 604 302 302 411 193 216
is_linear=0
shrinkage=0.03


Tree=13
num_leaves=15
num_cat=0
split_feature=2 8 8 4 7 3 8 5 0 3 8 4 8 2
split_gain=26.1475 14.5894 7.79931 6.84867 6.3039 4.93408 4.19476 4.88669 3.73193 3.76895 3.39361 2.43719 2.36641 9.35928
threshold=5.9388370287516681 1.0139290672421681 -0.44829948237393774 -0.14991257871549826 0.034797035867354602 0.35795971406853982 -2.3435522995784348 1.5000000000000002 50.242864741588697 0.17586162048959811 1.6787019694090504 -0.082710297796560708 2.2745544918646883 4.3066065455947351
decision_type=2 2 2 2 2 2 2 2 2 2 2 2 2 2
left_child=1 2 5 10 -4 6 -1 8 9 -8 -3 -9 13 -5
right_child=-2 3 4 12 -6 -7 7 11 -10 -11 -12 -13 -14 -15
leaf_value=-0.010472839818099485 -0.027664241207013378 0.0084729568541466165 -0.019318540725064469 0.019218322021297741 0.00068152707050008756 0.013652001999035587 -0.01251601265852823 0.00028436064818996817 0.0069371537001445887 0.0022927239862811522 -0.0050144870969429422 0.014304230906394681 0.022678699164504389 -0.003310657868687541
leaf_weight=27.160330697894096 22.192430809140205 28.063452988862991 30.813621342182159 36.511074706912041 22.937439262866974 19.642787098884583 33.385983675718307 17.862656027078629 20.96855716407299 23.664613425731659 29.424573764204979 25.682815983891487 26.103256419301033 25.514254093170166
leaf_count=138 134 136 165 169 117 95 168 89 105 118 147 124 120 122
internal_value=0.000746993 0.00280968 -0.00203589 0.0100232 -0.0114522 0.00121382 -0.000819556 0.00166574 -0.00282551 -0.00668357 0.00172071 0.00917481 0.0150559 0.0103953
internal_weight=389.928 367.735 222.119 145.617 53.7511 168.368 148.725 121.565 78.0192 57.0506 57.488 43.5455 88.1286 62.0253
internal_count=1947 1813 1119 694 282 837 742 604 391 286 283 213 411 291
is_linear=0
shrinkage=0.03


Tree=14
num_leaves=15
num_cat=0
split_feature=2 8 8 7 3 8 5 0 3 8 1 7 3 2
split_gain=25.1805 13.7853 7.45083 6.06289 4.67518 4.00377 4.62548 3.54992 3.60043 3.30141 7.31867 6.61483 6.19898 4.11962
threshold=5.9388370287516681 1.0139290672421681 -0.44829948237393774 0.034797035867354602 0.35795971406853982 -2.3435522995784348 1.5000000000000002 50.242864741588697 0.17586162048959811 2.2745544918646883 130.75618715267899 0.14704613431163141 0.11896436895312594 4.2299782241547943
decision_type=2 2 2 2 2 2 2 2 2 2 2 2 2 2
left_child=1 2 4 -4 5 -1 7 8 -7 10 -3 12 -12 -13
right_child=-2 9 3 -5 -6 6 -8 -9 -10 -11 11 13 -14 -15
leaf_value=-0.010249896950316256 -0.027350998988507999 0.016477473285161734 -0.018980835170493125 0.00066456569226040795 0.013265053022756426 -0.01225073858893058 0.0089158287426836444 0.0067519745287288619 0.0022340384709619537 0.017350472698447431 0.003506005305823907 0.017455705155863879 -0.018832014895912182 -0.001509925671943111
leaf_weight=27.029316440224648 21.835870310664177 37.916449099779129 30.514522045850754 22.944677367806435 19.753447011113167 33.196812152862549 43.698702111840248 21.033457294106483 23.688640505075455 35.424648776650429 20.389135494828224 18.74576598405838 16.689448222517967 16.915341600775719
leaf_count=138 134 180 165 117 95 168 213 105 118 166 98 88 81 81
internal_value=0.000727434 0.00273814 -0.00198073 -0.0112134 0.00118903 -0.000795189 0.00162788 -0.00275052 -0.00652573 0.00973326 0.00665007 0.000797109 -0.00759155 0.00938018
internal_weight=389.776 367.94 221.86 53.4592 168.4 148.647 121.618 77.9189 56.8855 146.081 110.656 72.7397 37.0786 35.6611
internal_count=1947 1813 1119 282 837 742 604 391 286 694 528 348 179 169
is_linear=0
shrinkage=0.03


Tree=15
num_leaves=15
num_cat=0
split_feature=2 4 8 2 8 2 8 5 2 1 2 3 7 7
split_gain=25.5758 9.23288 8.56375 5.78131 13.7539 6.47522 4.48208 5.94032 4.31692 3.63007 3.82378 4.35782 3.73357 4.73697
threshold=5.543144728246042 -0.16804806828864596 0.73968887662051486 4.3103988423440898 2.2745544918646883 3.7349977056113968 -0.27126886247235599 1.5000000000000002 4.2239067287465124 150.82082348243105 3.8341045973686101 0.18133761756964525 -0.038024203576406505 0.01168920477085305
decision_type=2 2 2 2 2 2 2 2 2 2 2 2 2 2
left_child=1 9 6 5 -5 -4 7 -3 -9 12 -11 -12 -1 -14
right_child=-2 2 3 4 -6 -7 -8 8 -10 10 11 -13 13 -15
leaf_value=0.0072790304988662995 -0.026749727506616028 -0.0028736877222429449 0.0029223867350191878 -0.0099523097325820604 0.020069554793694329 0.025630028627996824 -0.011298085650324245 0.017537415898917143 -0.0010649125245681514 -0.019724413893494722 -0.011798645267425779 0.0070963173951703604 -0.01525268201979579 0.0012250906143298562
leaf_weight=31.602002054452896 25.821107089519501 65.573259681463242 18.197862043976784 26.273915559053421 19.698638141155243 32.565384939312935 19.770125791430473 25.907392144203186 16.777605265378952 17.671141803264618 18.602979585528374 16.018679797649384 19.209937080740929 42.796968847513199
leaf_count=156 159 328 84 126 89 150 106 124 81 92 96 81 98 210
internal_value=-0.000483256 0.00167818 0.00544568 0.0119431 0.00361848 0.0184816 0.000272002 0.00279043 0.0108807 -0.00411385 -0.0100624 -0.00326407 -0.000449085 -0.004637
internal_weight=396.487 370.666 224.764 96.7358 45.9726 50.7632 128.028 108.258 42.685 145.902 52.2928 34.6217 93.6089 62.0069
internal_count=1980 1821 1088 449 215 234 639 533 205 733 269 177 464 308
is_linear=0
shrinkage=0.03


Tree=16
num_leaves=15
num_cat=0
split_feature=2 4 8 2 8 2 8 5 1 1 8 7 7 2
split_gain=24.6183 8.78976 8.0923 5.40978 13.0466 6.04433 4.28539 5.6166 4.07136 3.50527 3.47906 3.14747 4.59598 3.66669
threshold=5.543144728246042 -0.16804806828864596 0.73968887662051486 4.3103988423440898 2.2745544918646883 3.7349977056113968 -0.27126886247235599 1.5000000000000002 159.44102370072125 163.91489203548801 -2.4020739576299808 -0.046095152288237656 0.010805725114514173 4.1255880151867865
decision_type=2 2 2 2 2 2 2 2 2 2 2 2 2 2
left_child=1 9 6 5 -5 -4 7 10 -9 11 -3 -1 -13 -14
right_child=-2 2 3 4 -6 -7 -8 8 -10 -11 -12 12 13 -15
leaf_value=0.0060785907101763769 -0.0264321984918457 0.0077151229556626892 0.0028512116176016154 -0.0097351549342531637 0.019483665785600401 0.024764349566291387 -0.011078575723931387 0.017176340157267773 -0.00079930529807640583 -0.011522396311321209 -0.0066751053551854338 -0.013644204235102956 0.0072990151484462144 -0.0074782577928435793
leaf_weight=32.546558544039726 25.413608640432358 16.316033467650414 18.217093586921692 26.167352050542831 19.830570787191391 32.862797930836678 19.657781600952148 25.483085602521896 17.376861870288849 35.986685261130333 49.173203110694885 25.556079342961311 29.816731750965118 21.762229144573212
leaf_count=161 159 82 84 126 89 150 106 121 84 187 246 131 148 106
internal_value=-0.000476772 0.00163042 0.00530061 0.0116011 0.00353684 0.0179003 0.000265947 0.00272208 0.0105663 -0.00402842 -0.00279697 -0.00117447 -0.00441858 0.000954295
internal_weight=396.167 370.753 225.085 97.0778 45.9979 51.0799 128.007 108.349 42.8599 145.668 65.4892 109.682 77.135 51.579
internal_count=1980 1821 1088 449 215 234 639 533 205 733 328 546 385 254
is_linear=0
shrinkage=0.03


Tree=17
num_leaves=15
num_cat=0
split_feature=2 4 8 2 8 2 0 5 8 1 2 7 7 2
split_gain=23.7104 8.35274 7.64188 5.06481 12.378 5.64706 4.13723 3.75605 4.81585 3.34747 3.76484 3.42529 4.37992 3.38127
threshold=5.543144728246042 -0.16804806828864596 0.73968887662051486 4.3103988423440898 2.2745544918646883 3.7349977056113968 43.463324843675757 1.5000000000000002 -1.9477596269476793 150.82082348243105 3.8341045973686101 -0.038024203576406505 0.01168920477085305 4.1255880151867865
decision_type=2 2 2 2 2 2 2 2 2 2 2 2 2 2
left_child=1 9 6 5 -5 -4 7 8 -3 11 -11 -1 -13 -14
right_child=-2 2 3 4 -6 -7 -8 -9 -10 10 -12 12 13 -15
leaf_value=0.0069550964505968238 -0.026120055736463772 0.0069156505965712193 0.0027818189193382467 -0.009522480431275045 0.018919745128757697 0.023939158705541554 -0.0090711374073218047 0.0090570919786712549 -0.0095496713212624689 -0.019304606299422239 -0.002964908551903784 -0.014732186989657047 0.0078032663773245177 -0.0074965331591128207
leaf_weight=31.756502404808998 25.011644974350929 24.784223601222038 18.235811531543732 26.062494948506355 19.956074416637421 33.143698140978813 27.675093919038773 45.638910204172134 29.874488726258278 17.445742294192314 34.422389298677444 18.95552234351635 24.532738104462624 18.306709229946136
leaf_count=156 159 125 84 126 89 150 142 221 151 92 177 98 121 89
internal_value=-0.00046487 0.00159021 0.00516261 0.0112711 0.00345699 0.0173426 0.000264553 0.00314897 -0.00212983 -0.00393386 -0.00967484 -0.000421505 -0.00444921 0.00116499
internal_weight=395.802 370.79 225.371 97.3981 46.0186 51.3795 127.973 100.298 54.6587 145.42 51.8681 93.5515 61.795 42.8394
internal_count=1980 1821 1088 449 215 234 639 497 276 733 269 464 308 210
is_linear=0
shrinkage=0.03


Tree=18
num_leaves=15
num_cat=0
split_feature=2 4 8 2 8 2 8 5 2 1 8 7 7 2
split_gain=22.8252 7.94625 7.23313 4.74423 11.7457 5.28021 4.04002 5.05718 4.0329 3.24767 3.23324 2.85374 4.25755 3.35157
threshold=5.543144728246042 -0.16804806828864596 0.73968887662051486 4.3103988423440898 2.2745544918646883 3.7349977056113968 -0.27126886247235599 1.5000000000000002 4.2239067287465124 163.91489203548801 -2.4020739576299808 -0.046095152288237656 0.010805725114514173 4.1255880151867865
decision_type=2 2 2 2 2 2 2 2 2 2 2 2 2 2
left_child=1 9 6 5 -5 -4 7 10 -9 11 -3 -1 -13 -14
right_child=-2 2 3 4 -6 -7 -8 8 -10 -11 -12 12 13 -15
leaf_value=0.0057732014581772014 -0.025813025421873824 0.0074703022696725428 0.0027141615604715031 -0.0093141916558164301 0.018376614131663277 0.023151634216376782 -0.010800746339817289 0.016424224921393327 -0.0013918146312823783 -0.011102090180476242 -0.0063911731008962124 -0.01315401877618411 0.0069735603414149685 -0.0071619998776390366
leaf_weight=32.696325197815895 24.615358456969261 16.385982185602188 18.254030361771584 25.959351137280464 20.075438529253006 33.408928245306015 19.513308629393578 26.278573200106621 16.874926701188087 35.647222086787224 48.920926108956337 25.257142841815948 29.9634630382061 21.629466027021408
leaf_count=161 159 82 84 126 89 150 106 124 81 187 246 131 148 106
internal_value=-0.000460849 0.00154284 0.00502206 0.0109524 0.00337888 0.0168072 0.000253134 0.00263019 0.0100362 -0.00385199 -0.0026293 -0.00111112 -0.00421384 0.000938272
internal_weight=395.48 370.865 225.671 97.6977 46.0348 51.663 127.974 108.46 43.1535 145.194 65.3069 109.546 76.8501 51.5929
internal_count=1980 1821 1088 449 215 234 639 533 205 733 328 546 385 254
is_linear=0
shrinkage=0.03


end of trees

feature_importances:
vwap_deviation_z_50=63
st_gap_ratio=51
cci_abs=34
ct_vwap_slope_20_atr=32
volatility_zscore=27
entry_adx=18
efficiency_ratio=18
session_cluster=12
dist_to_ct_vwap_atr=11

parameters:
[boosting: gbdt]
[objective: binary]
[metric: auc]
[tree_learner: serial]
[device_type: cpu]
[data_sample_strategy: bagging]
[data: ]
[valid: ]
[num_iterations: 1000]
[learning_rate: 0.03]
[num_leaves: 15]
[num_threads: 0]
[seed: 42]
[deterministic: 0]
[force_col_wise: 0]
[force_row_wise: 0]
[histogram_pool_size: -1]
[max_depth: -1]
[min_data_in_leaf: 80]
[min_sum_hessian_in_leaf: 0.001]
[bagging_fraction: 0.85]
[pos_bagging_fraction: 1]
[neg_bagging_fraction: 1]
[bagging_freq: 5]
[bagging_seed: 400]
[bagging_by_query: 0]
[feature_fraction: 0.85]
[feature_fraction_bynode: 1]
[feature_fraction_seed: 30056]
[extra_trees: 0]
[extra_seed: 12879]
[early_stopping_round: 0]
[early_stopping_min_delta: 0]
[first_metric_only: 0]
[max_delta_step: 0]
[lambda_l1: 0]
[lambda_l2: 5]
[linear_lambda: 0]
[min_gain_to_split: 0]
[drop_rate: 0.1]
[max_drop: 50]
[skip_drop: 0.5]
[xgboost_dart_mode: 0]
[uniform_drop: 0]
[drop_seed: 17869]
[top_rate: 0.2]
[other_rate: 0.1]
[min_data_per_group: 100]
[max_cat_threshold: 32]
[cat_l2: 10]
[cat_smooth: 10]
[max_cat_to_onehot: 4]
[top_k: 20]
[monotone_constraints: ]
[monotone_constraints_method: basic]
[monotone_penalty: 0]
[feature_contri: ]
[forcedsplits_filename: ]
[refit_decay_rate: 0.9]
[cegb_tradeoff: 1]
[cegb_penalty_split: 0]
[cegb_penalty_feature_lazy: ]
[cegb_penalty_feature_coupled: ]
[path_smooth: 0]
[interaction_constraints: ]
[verbosity: -1]
[saved_feature_importance_type: 0]
[use_quantized_grad: 0]
[num_grad_quant_bins: 4]
[quant_train_renew_leaf: 0]
[stochastic_rounding: 1]
[linear_tree: 0]
[max_bin: 255]
[max_bin_by_feature: ]
[min_data_in_bin: 3]
[bin_construct_sample_cnt: 200000]
[data_random_seed: 175]
[is_enable_sparse: 1]
[enable_bundle: 1]
[use_missing: 1]
[zero_as_missing: 0]
[feature_pre_filter: 1]
[pre_partition: 0]
[two_round: 0]
[header: 0]
[label_column: ]
[weight_column: ]
[group_column: ]
[ignore_column: ]
[categorical_feature: ]
[forcedbins_filename: ]
[precise_float_parser: 0]
[parser_config_file: ]
[objective_seed: 16083]
[num_class: 1]
[is_unbalance: 0]
[scale_pos_weight: 1]
[sigmoid: 1]
[boost_from_average: 1]
[reg_sqrt: 0]
[alpha: 0.9]
[fair_c: 1]
[poisson_max_delta_step: 0.7]
[tweedie_variance_power: 1.5]
[lambdarank_truncation_level: 30]
[lambdarank_norm: 1]
[label_gain: ]
[lambdarank_position_bias_regularization: 0]
[eval_at: ]
[multi_error_top_k: 1]
[auc_mu_weights: ]
[num_machines: 1]
[local_listen_port: 12400]
[time_out: 120]
[machine_list_filename: ]
[machines: ]
[gpu_platform_id: -1]
[gpu_device_id: -1]
[gpu_use_dp: 0]
[num_gpu: 1]

end of parameters

pandas_categorical:[]
