tree
version=v4
num_class=1
num_tree_per_iteration=1
label_index=0
max_feature_idx=9
objective=binary sigmoid:1
feature_names=entry_adx cci_abs st_gap_ratio efficiency_ratio volatility_zscore wick_ratio candle_body_atr vol_ratio st_slope rsi_5
feature_infos=[5.7106977993352421:95.975457269826322] [0:666.66666586191195] [0.00098633107766432659:11.497927083888905] [0:0.92207792195812954] [-2.5503235739022858:9.8334525469381706] [1.7152599142530711e-11:0.99826989619379525] [0.0029541252965696275:12.210935084682324] [0.027235587834523504:14.645709868515095] [-3.716570247884738:12.38565500396253] [0:99.999999986979162]
tree_sizes=1717 1766 1758 1780

Tree=0
num_leaves=15
num_cat=0
split_feature=0 2 8 0 0 2 2 8 8 3 0 9 8 2
split_gain=291.096 135.286 120.554 79.091 55.8087 43.5888 35.866 32.8777 67.9349 37.98 28.5631 27.7008 25.6629 24.4709
threshold=80.107538952624012 0.99392354534409122 -1.0000000180025095e-35 48.218346644676863 17.625690980807381 4.0269687858937973 5.429951197511814 0.42339997936026069 1.0000000180025095e-35 0.36551724135410985 72.513006834735236 56.521739007563589 -0.23134452657986909 3.5928119341222562
decision_type=2 2 2 2 2 2 2 2 2 2 2 2 2 2
left_child=1 3 4 12 -3 -2 7 8 -4 -10 11 -6 -1 -13
right_child=5 2 6 -5 10 -7 -8 -9 9 -11 -12 13 -14 -15
leaf_value=-0.3867065261623519 -0.38295923779704172 -0.42437099691039737 -0.41044061011373584 -0.39388409031723554 -0.41655869166748893 -0.4383546806445397 -0.43466494213874707 -0.41645928376231989 -0.4030089392381731 -0.41040746592721938 -0.38276265235376034 -0.4139056980987959 -0.40771267572530506 -0.40235962677963022
leaf_weight=24.220845103263855 178.4188985824585 272.18474447727203 5222.8295594453812 282.73639976978302 804.80352640151978 5.755448341369628 23.021793365478516 276.98095142841339 888.73714804649353 402.88138389587402 11.271086335182188 194.00657117366791 548.44626486301422 117.98669099807739
leaf_count=101 744 1135 21779 1179 3356 24 96 1155 3706 1680 47 809 2287 492
internal_value=-0.409601 -0.410107 -0.410896 -0.402539 -0.41624 -0.384716 -0.409797 -0.409712 -0.409425 -0.405318 -0.414275 -0.414598 -0.406817 -0.409532
internal_weight=9254.28 9070.11 8214.7 855.404 1400.25 184.174 6814.45 6791.43 6514.45 1291.62 1128.07 1116.8 572.667 311.993
internal_count=38590 37822 34255 3567 5839 768 28416 28320 27165 5386 4704 4657 2388 1301
is_linear=0
shrinkage=1


Tree=1
num_leaves=15
num_cat=0
split_feature=0 2 6 0 6 9 2 4 9 6 4 6 2 3
split_gain=278.239 129.811 91.3752 75.5772 71.3361 54.5095 50.2328 33.1127 32.5362 20.8745 20.5643 19.5037 18.9641 23.319
threshold=80.107538952624012 0.99392354534409122 0.6921598759059292 48.218346644676863 2.858694583496844 19.230769215362439 3.6180783513838004 -0.5020612284145276 79.591836653477642 0.1172382399540292 -0.26237552400935765 0.30384402094535062 1.9070205791244561 0.36894439090958409
decision_type=2 2 2 2 2 2 2 2 2 2 2 2 2 2
left_child=1 3 -2 9 5 6 10 -7 12 -1 -3 -5 13 -9
right_child=2 4 -4 11 -6 7 -8 8 -10 -11 -12 -13 -14 -15
leaf_value=0.0081629671316414305 0.028123075167725744 0.0014943526479355533 -0.024549202428274755 0.017175620366610429 -0.023478108173397967 0.001383153335229484 -0.010809328579983884 -0.00081019891706417095 0.0019899948795312197 -5.1887288481184402e-05 -0.0067005910321219254 0.0014603327137707035 -0.0030394291392548361 0.010198795121690328
leaf_weight=180.21916747093201 170.9068411886692 323.89481234550476 14.157621473073958 247.04360681772232 58.38677553832531 2124.6875880360603 435.35536527633667 889.25933964550495 845.34799399971962 392.74256512522697 196.59823498129845 36.563416004180908 3254.5045884847641 84.147149920463562
leaf_count=751 709 1351 59 1027 244 8862 1818 3709 3525 1637 820 152 13575 351
internal_value=-0.000198072 -0.000693822 0.0240717 0.00671431 -0.00146684 -0.00130869 -0.00579614 -0.000712434 -0.00159047 0.00252949 -0.00159785 0.0151578 -0.00230687 0.000140381
internal_weight=9253.82 9068.75 185.064 856.569 8212.18 8153.8 955.848 7197.95 5073.26 572.962 520.493 283.607 4227.91 973.406
internal_count=38590 37822 768 3567 34255 34011 3989 30022 21160 2388 2171 1179 17635 4060
is_linear=0
shrinkage=0.02


Tree=2
num_leaves=15
num_cat=0
split_feature=0 0 4 0 9 5 4 1 3 9 4 1 5 5
split_gain=267.189 63.6278 57.5762 44.4768 41.2774 38.0189 29.3364 27.8475 21.428 20.1713 23.5235 24.3328 21.3876 19.4053
threshold=72.513006834735236 56.126070308028439 -0.5020612284145276 80.107538952624012 10.948202046767962 0.058823529965539592 -0.42708994521014504 52.78622859050008 0.11208829441288604 48.780487765220336 1.1173083008668945 198.85863798564426 0.11764705934282024 0.11111111160483307
decision_type=2 2 2 2 2 2 2 2 2 2 2 2 2 2
left_child=1 2 8 -2 -4 6 -5 -3 -1 -6 -11 -12 -13 -9
right_child=3 7 4 5 9 -7 -8 13 -10 10 11 12 -14 -15
leaf_value=0.0037610146042446201 0.0094129705578689781 0.00969581013465836 -0.008505306184610208 0.025067636706218289 -0.0033560523700164645 0.027557952944860596 -0.013769652758167682 -0.011623439814656123 -0.00015185621147590275 -0.0013982386445183584 0.0090057595913355156 -0.022072706349739565 0.0026565689896052643 0.0030877560559560702
leaf_weight=864.1439608335495 175.44053542613983 298.34398874640465 415.09956423938274 13.805915147066118 2343.5719881355762 154.54810240864754 17.517956987023354 40.946540221571922 1586.7270608097315 2823.0532879531384 174.38207511603832 20.729713648557663 42.213896051049232 282.71534113585949
leaf_count=3603 730 1242 1735 57 9781 638 73 171 6617 11775 727 87 176 1178
internal_value=-0.000194192 -0.000879559 -0.00134375 0.0166628 -0.00242687 0.0234862 0.00330944 0.0052882 0.00122705 -0.00195945 -0.000889226 0.00515524 -0.00547809 0.00121745
internal_weight=9253.24 8891.93 8269.92 361.313 5819.05 185.872 31.3239 622.006 2450.87 5403.95 3060.38 237.326 62.9436 323.662
internal_count=38590 37092 34501 1498 24281 768 130 2591 10220 22546 12765 990 263 1349
is_linear=0
shrinkage=0.02


Tree=3
num_leaves=15
num_cat=0
split_feature=2 8 6 6 4 8 3 4 1 8 8 3 7 8
split_gain=213.154 110.614 82.7358 75.0041 34.8464 31.1721 25.6455 24.6602 20.4902 19.9349 25.4357 25.8755 19.4925 18.5766
threshold=0.99392354534409122 -1.0000000180025095e-35 0.12186106171866128 2.858694583496844 -0.53319946633575632 -0.25489447506026858 0.048076923075189119 -0.41690634012178723 79.932133163157658 0.31138366443985893 1.0000000180025095e-35 0.11208829441288604 1.8803211703417355 1.0000000180025095e-35
decision_type=2 2 2 2 2 2 2 2 2 2 2 2 2 2
left_child=2 5 6 4 9 -2 -1 -7 12 10 11 -3 -4 -6
right_child=1 3 8 -5 13 7 -8 -9 -10 -11 -12 -13 -14 -15
leaf_value=0.023465632029657315 -0.0023081368481115264 0.0051199552523554029 0.006111602341565798 -0.024829614354418376 -0.0015187335375723401 -0.0046075194584442305 0.012335839898081701 -0.011306307259948007 0.00023764425748601389 -0.0065805096479286075 0.0079268824092617336 -0.0004885228351617719 0.025322029585303846 0.0013677290668328184
leaf_weight=114.76795344054699 499.41371610760689 538.9645329117775 201.04584336280823 48.917129844427109 3878.0659249126911 376.79732310771942 305.67572809755802 532.67793317139149 314.4188374876976 93.753613844513893 323.93143866956234 843.12408620119095 23.640217289328575 1157.431096509099
leaf_count=475 2087 2245 835 206 16183 1574 1267 2228 1310 391 1349 3515 98 4827
internal_value=-0.000190363 -0.00122318 0.00873306 -0.00017791 -8.34653e-07 -0.00632884 0.0153835 -0.008534 0.0035408 0.00238739 0.00288175 0.00169735 0.00815208 -0.000854856
internal_weight=9252.63 8293.08 959.549 6884.19 6835.27 1408.89 420.444 909.475 539.105 1799.77 1706.02 1382.09 224.686 5035.5
internal_count=38590 34605 3985 28716 28510 5889 1742 3802 2243 7500 7109 5760 933 21010
is_linear=0
shrinkage=0.02


end of trees

feature_importances:
entry_adx=9
st_slope=9
st_gap_ratio=8
volatility_zscore=7
candle_body_atr=6
efficiency_ratio=5
rsi_5=5
cci_abs=3
wick_ratio=3
vol_ratio=1

parameters:
[boosting: gbdt]
[objective: binary]
[metric: auc]
[tree_learner: serial]
[device_type: cpu]
[data_sample_strategy: bagging]
[data: ]
[valid: ]
[num_iterations: 1000]
[learning_rate: 0.02]
[num_leaves: 15]
[num_threads: 0]
[seed: 0]
[deterministic: 0]
[force_col_wise: 0]
[force_row_wise: 0]
[histogram_pool_size: -1]
[max_depth: -1]
[min_data_in_leaf: 20]
[min_sum_hessian_in_leaf: 0.001]
[bagging_fraction: 0.7]
[pos_bagging_fraction: 1]
[neg_bagging_fraction: 1]
[bagging_freq: 5]
[bagging_seed: 3]
[bagging_by_query: 0]
[feature_fraction: 0.7]
[feature_fraction_bynode: 1]
[feature_fraction_seed: 2]
[extra_trees: 0]
[extra_seed: 6]
[early_stopping_round: 0]
[early_stopping_min_delta: 0]
[first_metric_only: 0]
[max_delta_step: 0]
[lambda_l1: 0.1]
[lambda_l2: 0.1]
[linear_lambda: 0]
[min_gain_to_split: 0]
[drop_rate: 0.1]
[max_drop: 50]
[skip_drop: 0.5]
[xgboost_dart_mode: 0]
[uniform_drop: 0]
[drop_seed: 4]
[top_rate: 0.2]
[other_rate: 0.1]
[min_data_per_group: 100]
[max_cat_threshold: 32]
[cat_l2: 10]
[cat_smooth: 10]
[max_cat_to_onehot: 4]
[top_k: 20]
[monotone_constraints: ]
[monotone_constraints_method: basic]
[monotone_penalty: 0]
[feature_contri: ]
[forcedsplits_filename: ]
[refit_decay_rate: 0.9]
[cegb_tradeoff: 1]
[cegb_penalty_split: 0]
[cegb_penalty_feature_lazy: ]
[cegb_penalty_feature_coupled: ]
[path_smooth: 0]
[interaction_constraints: ]
[verbosity: -1]
[saved_feature_importance_type: 0]
[use_quantized_grad: 0]
[num_grad_quant_bins: 4]
[quant_train_renew_leaf: 0]
[stochastic_rounding: 1]
[linear_tree: 0]
[max_bin: 255]
[max_bin_by_feature: ]
[min_data_in_bin: 3]
[bin_construct_sample_cnt: 200000]
[data_random_seed: 1]
[is_enable_sparse: 1]
[enable_bundle: 1]
[use_missing: 1]
[zero_as_missing: 0]
[feature_pre_filter: 1]
[pre_partition: 0]
[two_round: 0]
[header: 0]
[label_column: ]
[weight_column: ]
[group_column: ]
[ignore_column: ]
[categorical_feature: ]
[forcedbins_filename: ]
[precise_float_parser: 0]
[parser_config_file: ]
[objective_seed: 5]
[num_class: 1]
[is_unbalance: 0]
[scale_pos_weight: 1]
[sigmoid: 1]
[boost_from_average: 1]
[reg_sqrt: 0]
[alpha: 0.9]
[fair_c: 1]
[poisson_max_delta_step: 0.7]
[tweedie_variance_power: 1.5]
[lambdarank_truncation_level: 30]
[lambdarank_norm: 1]
[label_gain: ]
[lambdarank_position_bias_regularization: 0]
[eval_at: ]
[multi_error_top_k: 1]
[auc_mu_weights: ]
[num_machines: 1]
[local_listen_port: 12400]
[time_out: 120]
[machine_list_filename: ]
[machines: ]
[gpu_platform_id: -1]
[gpu_device_id: -1]
[gpu_use_dp: 0]
[num_gpu: 1]

end of parameters

pandas_categorical:[]
