tree
version=v4
num_class=1
num_tree_per_iteration=1
label_index=0
max_feature_idx=9
objective=binary sigmoid:1
feature_names=entry_adx cci_abs st_gap_ratio efficiency_ratio volatility_zscore wick_ratio candle_body_atr vol_ratio st_slope rsi_5
feature_infos=[5.7106977993352421:95.975457269826322] [0:666.66666586191195] [0.00098633107766432659:11.497927083888905] [0:0.92207792195812954] [-2.5503235739022858:9.8334525469381706] [1.7152599142530711e-11:0.99826989619379525] [0.0029541252965696275:12.210935084682324] [0.027235587834523504:14.645709868515095] [-3.716570247884738:12.38565500396253] [0:99.999999986979162]
tree_sizes=3450 3486 3516 3504 3482 3497 3499 3477 3490 3467 3499 3485 3474 3497

Tree=0
num_leaves=31
num_cat=0
split_feature=2 6 8 0 0 8 8 0 3 0 7 9 2 8 6 0 6 3 9 0 8 0 2 3 2 6 8 9 3 7
split_gain=208.645 143.412 139.179 132.861 65.914 63.8302 64.9393 49.6078 47.4376 46.7435 34.9726 33.2353 34.4157 32.4151 31.1189 30.9503 31.2012 27.3135 22.8891 21.6952 20.7987 20.5988 17.635 16.1573 14.7021 14.5936 14.2799 14.1072 13.2881 13.0106
threshold=1.1217039933372239 2.858694583496844 -1.0000000180025095e-35 56.126070308028439 17.35643248251073 1.0000000180025095e-35 0.28990310146791676 71.109450859171616 0.36261198383498056 84.668998895398332 3.0552202119047447 63.999999872003826 3.4837363050144057 -0.17198630348880212 0.84210294291335563 80.107538952624012 0.71319297250836311 0.32407407405907207 14.285714279422935 56.906558226083952 -0.28917106816065818 71.109450859171616 1.935454099760473 0.1550802138954491 0.51026435234377765 0.12398570867107343 0.069387573683843601 27.659574438660957 0.3209668001208319 0.95073960879043462
decision_type=2 2 2 2 2 2 2 2 2 2 2 2 2 2 2 2 2 2 2 2 2 2 2 2 2 2 2 2 2 2
left_child=3 2 4 13 20 15 8 11 21 14 22 -6 -13 29 25 17 -17 -4 -8 -19 -2 27 -3 -9 -15 -5 -27 -7 -26 -1
right_child=1 10 5 9 7 6 18 23 -10 -11 -12 12 -14 24 -16 16 -18 19 -20 -21 -22 -23 -24 -25 28 26 -28 -29 -30 -31
leaf_value=-0.0043345882668225054 -0.031955074992835258 -0.041103584387029095 -0.030636289340274493 -0.013675893950893109 -0.034987578102440312 -0.028056346247706712 -0.040409405739071834 -0.0273039977017389 -0.029107982022674707 -0.0026578169856431647 -0.031685962885029305 -0.034129995008458973 -0.021440697773451568 -0.022597801276335545 -0.056467948045285946 -0.012507137387513273 -0.051579426209145254 -0.028293118634563671 -0.029800020829204382 -0.019166983042623133 -0.044370448740814014 -0.041746018752457988 -0.066148728824656167 -0.00076617312097399665 -0.02906383154229512 -0.0222978576146769 0.010728684165299141 -0.020618314561959002 -0.021249221685311022 -0.025258410706997129
leaf_weight=35.848784655332565 65.130159676074982 13.890960842370985 6140.4609504342079 251.59214308857918 1331.2549641132355 113.44583287835121 93.472401767969131 14.724178850650786 501.04595252871513 106.0770106613636 20.276014894247055 177.00031048059464 165.37464427947998 226.84660667181015 8.0361171662807447 67.137717694044113 9.3085796833038312 1329.0006407499313 626.71631023287773 113.05986371636391 315.068484634161 20.200210005044937 59.055057972669601 24.358719557523727 851.91901043057442 165.3215808570385 5.4080186784267417 1010.6230851709843 96.941934525966644 17.784153282642365
leaf_count=140 257 55 24218 986 5259 447 370 58 1975 414 80 699 650 892 32 263 37 5237 2471 444 1249 80 236 95 3358 650 21 3971 381 70
internal_value=-0.0292802 -0.0302095 -0.0300194 -0.0228543 -0.0347104 -0.02904 -0.0261683 -0.0330381 -0.0239759 -0.0145493 -0.054921 -0.0335583 -0.0280008 -0.0264783 -0.0174804 -0.0299269 -0.0172648 -0.0300546 -0.031177 -0.0275776 -0.0422436 -0.0217287 -0.0613794 -0.0107641 -0.0271719 -0.0167385 -0.0212517 -0.021369 -0.0282654 -0.0112727
internal_weight=13976.4 12210.6 12117.4 1765.78 2092.91 10024.5 2365.5 1712.71 1645.32 536.435 93.222 1673.63 342.375 1229.34 430.358 7658.97 76.4463 7582.52 720.189 1442.06 380.199 1144.27 72.946 39.0829 1175.71 422.322 170.73 1124.07 948.861 53.6329
internal_count=55095 48151 47780 6944 8267 39513 9314 6761 6473 2103 371 6608 1349 4841 1689 30199 300 29899 2841 5681 1506 4498 291 153 4631 1657 671 4418 3739 210
is_linear=0
shrinkage=1


Tree=1
num_leaves=31
num_cat=0
split_feature=2 6 0 9 2 2 0 0 4 7 6 3 4 0 0 4 0 2 9 0 4 2 3 6 2 0 5 4 3 3
split_gain=200.366 137.817 127.568 67.1984 93.2824 87.4276 53.3251 44.8748 35.6856 33.6349 29.8901 25.6732 25.255 22.5925 18.5167 22.3633 18.2655 16.9711 14.7634 14.4854 14.3885 14.1043 14.1283 14.0101 13.215 14.2554 13.0932 12.6716 12.0565 11.8912
threshold=1.1217039933372239 2.858694583496844 56.126070308028439 57.894736689751646 3.7575598789167683 3.2944238485883703 80.107538952624012 84.668998895398332 -0.54106396087002373 3.0552202119047447 0.84210294291335563 0.43040022939099298 -0.39818761309244244 71.109450859171616 17.35643248251073 -0.52471235091233692 32.970726487686413 1.935454099760473 1.0000000180025095e-35 9.6366150867940146 0.47293317281173158 0.54705858090386694 0.050561797751387257 0.12398570867107343 2.7839085892742976 63.654079321107467 0.96969696970153718 0.22727340472322718 0.058139534881469106 0.28662420380796721
decision_type=2 2 2 2 2 2 2 2 2 2 2 2 2 2 2 2 2 2 2 2 2 2 2 2 2 2 2 2 2 2
left_child=2 3 16 4 6 26 8 10 13 17 23 20 -10 -2 -6 28 -1 -3 -17 -14 -7 22 -18 -4 -21 -26 -5 -20 -16 -22
right_child=1 9 7 5 14 11 -8 -9 12 -11 -12 -13 19 -15 15 18 21 -19 27 24 29 -23 -24 -25 25 -27 -28 -29 -30 -31
leaf_value=0.0017098120300773965 0.0019048236053047279 -0.011003392151166247 0.015875122547153519 -0.00055525202342173808 -0.010882884261691718 0.0053891101571978926 0.017695645167912732 0.026669688945121405 -0.00427889489261784 -0.001771958402899444 -0.026073349016717064 0.00041644020981073955 -0.014790664656836412 0.027573956964079552 -0.013334663636142283 -0.012278318928198171 0.025889959066621705 -0.03557665067894239 -0.0064775339327821993 0.00054405875447762213 0.0070396606291447152 0.0045326714542475626 0.0090189472491190026 0.0084527827237953664 -0.0024064497306114825 0.008598169254147232 -0.018358947967000851 0.00066703373437123573 0.0019037635177917072 0.019503106135934811
leaf_weight=852.25310087203979 1542.5796605348587 13.888194620609282 251.63654363155365 2684.7426980435848 259.87067286670208 1525.9254667758942 65.373018234968185 106.10049507021904 949.80370990931988 20.27545166015625 8.031506881117819 426.15756613016129 28.500366121530533 13.83823288977146 22.963623270392418 144.89427857100964 26.126070439815521 59.003672704100609 587.95022974908352 2037.7468031197786 70.44255419075489 268.29515200853348 82.717740282416344 170.7469948977232 1300.1378588825464 48.854942589998245 16.625233232975006 119.47566248476505 217.23948295414448 54.165075108408928
leaf_count=3358 6078 55 986 10588 1029 6004 256 414 3751 80 32 1680 113 54 91 574 102 236 2324 8033 277 1056 325 671 5131 192 66 471 856 212
internal_value=0.000585689 -0.000324986 0.00688259 -0.000138672 -0.0013404 0.00170722 -0.000268742 0.0150197 -0.000467069 -0.0245569 0.0121479 0.00479278 -0.00139418 0.00213305 -0.00608448 -0.00494312 0.0033315 -0.0308947 -0.00646216 -0.000591917 0.00592273 0.00699616 0.0130685 0.0128747 -0.000472431 -0.00200791 -0.000664823 -0.0052709 0.000446957 0.0124573
internal_weight=13976.4 12210.5 1765.91 12117.3 7339.23 4778.06 5986.83 536.516 5921.46 93.1673 430.415 2076.69 4365.04 1556.42 1352.39 1092.52 1229.39 72.8919 852.32 3415.24 1650.53 377.139 108.844 422.384 3386.74 1348.99 2701.37 707.426 240.203 124.608
internal_count=55095 48151 6944 47780 28953 18827 23608 2103 23352 371 1689 8173 17220 6132 5345 4316 4841 291 3369 13469 6493 1483 427 1657 13356 5323 10654 2795 947 489
is_linear=0
shrinkage=0.02


Tree=2
num_leaves=31
num_cat=0
split_feature=0 8 0 5 8 8 0 4 3 4 0 9 4 8 1 5 0 9 8 0 4 0 4 1 4 3 1 4 4 3
split_gain=160.055 144.319 65.3873 49.6312 48.688 63.7543 48.3601 47.118 43.1511 36.8652 35.3872 34.4944 35.7404 33.0247 29.7551 40.6179 24.5348 21.9754 20.9664 19.6001 18.8317 23.5519 18.4218 18.1796 22.8495 26.81 17.6923 15.2729 19.3698 16.5011
threshold=80.107538952624012 -1.0000000180025095e-35 17.35643248251073 0.058823529965539592 1.0000000180025095e-35 0.28990310146791676 53.802752088037664 -0.92347655985372967 0.36261198383498056 -0.42708994521014504 71.109450859171616 42.857142795919295 -0.41690634012178723 -0.40784703516076198 78.049532430161477 0.090909091735556072 37.732083942272546 14.285714279422935 -0.28917106816065818 71.109450859171616 -0.53750868419623465 13.555616689481509 -0.1053270226612186 357.78669126072913 0.38763534775709024 0.28440366970520509 79.30871092771396 -0.42387514213733213 -0.13424054389609208 0.02732240437009208
decision_type=2 2 2 2 2 2 2 2 2 2 2 2 2 2 2 2 2 2 2 2 2 2 2 2 2 2 2 2 2 2
left_child=1 2 18 9 6 7 20 -6 19 -2 11 12 16 -13 -8 22 -4 -7 -1 -9 -3 -22 -16 24 -23 -26 -11 -15 29 -29
right_child=3 4 10 -5 5 17 14 8 -10 26 -12 13 -14 27 15 -17 -18 -19 -20 -21 21 23 -24 -25 25 -27 -28 28 -30 -31
leaf_value=-0.0017604842958462291 0.018002626090885952 0.001566060536258927 -0.0033812791825339294 0.019592955175763999 0.017669582460080081 -0.0098714453295226171 0.0067345623779764118 0.0074231641623721525 -0.00014615466358024003 -0.0012533398828042293 0.019219301424557474 0.0062553128974355615 -0.0083811143610340068 0.0015989887725383119 -0.0017027751389796441 0.0021840185021538253 0.0092252102434434314 0.00023561208829241676 -0.01408156756595319 -0.01444770393315991 -0.0042495290091441491 -0.00067597021149578499 -0.030225300391553269 -0.016713476747477557 0.00060573285784971389 0.0084029295010948687 -0.032805945317635872 -0.033731778160095455 -0.00046581121142198647 -0.008432973426566924
leaf_weight=66.904814720153809 20.180342510342598 2158.1092537641525 263.39262157678604 226.96879243850708 124.86707784235477 97.999590367078781 727.30225683748722 1074.222873494029 472.48205178976059 13.942243158817293 28.617542758584023 233.6591390222311 657.68170459568501 202.24176754057407 14.194220647215841 220.60379607975483 80.664262235164642 705.64376474916935 316.96892660856247 16.644246533513069 637.07159681618214 4366.4706778824329 25.029643312096596 26.458072230219841 595.63795141875744 250.60747964680195 14.502502024173735 11.019567668437956 165.31657442450523 160.77774628996849
leaf_count=264 79 8504 1040 888 489 388 2860 4223 1863 55 112 919 2602 797 56 869 317 2782 1257 66 2516 17221 100 105 2348 985 58 44 652 636
internal_value=0.000573977 0.000270424 -0.00443906 0.0156645 0.00116511 0.00363978 0.000481569 0.00584697 0.00490268 -0.00267236 -0.00284363 -0.00319939 -0.00564874 -2.52997e-05 0.00465913 -0.00115036 -0.000425683 -0.000996884 -0.0119341 0.00708946 -3.17014e-05 -0.000618495 -0.0199036 -0.00017697 -9.30359e-05 0.0029148 -0.0173404 -0.00274618 -0.00535294 -0.0100557
internal_weight=13976.2 13700.6 2187.24 275.594 11513.3 2491.86 9021.48 1688.22 1563.35 48.6251 1803.37 1774.75 1001.74 773.015 987.13 259.828 344.057 803.643 383.874 1090.87 8034.36 5876.25 39.2239 5239.17 5212.72 846.245 28.4447 539.356 337.114 171.797
internal_count=55095 54015 8640 1080 45375 9811 35564 6641 6152 192 7119 7007 3959 3048 3885 1025 1357 3170 1521 4289 31679 23175 156 20659 20554 3333 113 2129 1332 680
is_linear=0
shrinkage=0.02


Tree=3
num_leaves=31
num_cat=0
split_feature=2 6 8 6 8 8 4 3 5 8 7 3 4 4 4 4 6 3 1 2 4 5 4 2 6 4 8 3 4 4
split_gain=189.527 130.31 125.844 61.0943 58.0842 59.609 46.1355 41.201 37.7406 35.2142 31.9546 27.6951 23.4466 23.2038 21.5885 27.9131 18.8816 16.9987 16.4565 16.2851 16.0878 15.8724 17.748 15.7097 15.3296 14.2391 13.8607 13.3894 12.7324 13.3792
threshold=1.1217039933372239 2.858694583496844 -1.0000000180025095e-35 0.15987690878701338 1.0000000180025095e-35 0.28990310146791676 -0.92347655985372967 0.36261198383498056 0.72281323887726068 -0.24204658756937078 3.0552202119047447 0.34516423643885558 -0.53319946633575632 0.38763534775709024 -0.43015065785185452 -0.17438771022235447 1.014083728365174 0.11208829441288604 68.71987400113504 1.935454099760473 -0.74238555193525591 0.94812637034299363 -0.11092037325666591 2.1114062217329086 0.02327593632726065 3.0139538049828531 -1.5241729727281379 0.018284722663937592 5.2070852906625591 0.67163950876898271
decision_type=2 2 2 2 2 2 2 2 2 2 2 2 2 2 2 2 2 2 2 2 2 2 2 2 2 2 2 2 2 2
left_child=3 2 9 8 11 6 -6 21 -1 26 19 12 17 23 20 27 18 -4 -5 -3 -11 22 -8 -13 -10 -17 -2 -16 29 -26
right_child=1 10 4 16 5 -7 7 -9 24 14 -12 13 -14 -15 15 25 -18 -19 -20 -21 -22 -23 -24 -25 28 -27 -28 -29 -30 -31
leaf_value=0.014709458203935795 -0.021196985037709237 -0.010604442882873625 0.0035428441508945584 0.0071660215780428175 0.017314389798580958 -0.0012707448639220431 0.0057049856633232055 -0.00026734490358591375 0.019161216847513065 -0.0083595172175031825 -0.0016990442503338463 0.0058387520082980524 -0.0013331926922941384 0.0096628790037763621 -0.029985633863664176 -0.0033192727182677927 -0.017360781630323036 -0.0004015046521545495 0.0012458540721512765 -0.034686584044135549 -0.0010608828892641597 -0.02026074904508645 0.012008241085959038 0.00023445508980232368 0.0044592874064716525 -0.018654328226554419 -0.00081452428501484686 -0.011368377279087228 -0.0097495664507347684 0.012933619102245759
leaf_weight=417.61606825888157 13.587492540478705 13.880358546972273 794.92274354398251 285.64504046738148 124.87990428507328 720.15071861445904 815.08853802084923 468.15224282443523 35.774726048111916 181.45552073419094 20.273788765072823 264.87290453910828 4645.8673107475042 164.71968646347523 16.04024350643158 323.07029339671135 18.124201491475105 970.76384568214417 548.3845536261797 58.870806202292442 361.39999976754189 8.5587885826826078 228.84910050034523 817.77731215953827 344.55008012056351 26.18282575905323 749.08484533429146 421.52120934426785 20.723965540528297 95.08703687787056
leaf_count=1637 54 55 3130 1123 489 2841 3206 1846 140 718 80 1042 18328 647 64 1276 72 3828 2161 236 1426 34 898 3224 1356 104 2955 1670 82 373
internal_value=0.000562505 -0.000323228 -0.000142192 0.00668671 0.000788987 0.00352823 0.00562846 0.00466878 0.0102792 -0.00460356 -0.023904 -5.71085e-05 -0.000587582 0.00266956 -0.00656859 -0.00868536 0.00283458 0.00137426 0.00327344 -0.0300919 -0.00350053 0.00686438 0.00708677 0.00160556 0.00655003 -0.00446891 -0.00117765 -0.0120509 0.00557001 0.00629216
internal_weight=13975.9 12210 12116.9 1765.91 10024.6 2365.68 1645.53 1520.65 913.752 2092.34 93.025 7658.92 6411.55 1247.37 1329.67 786.815 852.154 1765.69 834.03 72.7512 542.856 1052.5 1043.94 1082.65 496.136 349.253 762.672 437.561 460.361 439.637
internal_count=55095 48151 47780 6944 39513 9314 6473 5984 3588 8267 371 30199 25286 4913 5258 3114 3356 6958 3284 291 2144 4138 4104 4266 1951 1380 3009 1734 1811 1729
is_linear=0
shrinkage=0.02


Tree=4
num_leaves=31
num_cat=0
split_feature=2 6 0 9 2 2 0 0 4 7 6 4 3 0 3 0 4 0 2 0 0 9 0 2 3 6 5 2 0 4
split_gain=182.025 125.347 116.584 62.2373 85.1131 81.0496 49.1299 41.4718 32.7178 30.8017 27.2977 24.4387 24.0257 21.5082 20.4759 17.3049 20.5546 16.8294 15.7282 14.126 20.6023 13.9708 13.7006 13.4408 13.5008 13.0594 12.5336 12.2694 13.4889 11.9907
threshold=1.1217039933372239 2.858694583496844 56.126070308028439 57.894736689751646 3.7575598789167683 3.2944238485883703 80.107538952624012 84.668998895398332 -0.54106396087002373 3.0552202119047447 0.84210294291335563 -0.39818761309244244 0.35714285713378779 71.109450859171616 0.34516423643885558 17.35643248251073 -0.52471235091233692 32.970726487686413 1.935454099760473 42.028112862023896 48.777629873219716 1.0000000180025095e-35 9.6366150867940146 0.54705858090386694 0.050561797751387257 0.12398570867107343 0.96969696970153718 2.7839085892742976 63.654079321107467 0.22727340472322718
decision_type=2 2 2 2 2 2 2 2 2 2 2 2 2 2 2 2 2 2 2 2 2 2 2 2 2 2 2 2 2 2
left_child=2 3 17 4 6 26 8 10 13 18 25 -10 14 -2 -7 -6 -17 -1 -3 -14 -21 -18 -13 24 -19 -4 -5 -24 -29 -23
right_child=1 9 7 5 15 12 -8 -9 11 -11 -12 22 19 -15 -16 16 21 23 -20 20 -22 29 27 -25 -26 -27 -28 28 -30 -31
leaf_value=0.0016020968554382037 0.00180410508587694 -0.010396062275841816 0.015163877265033956 -0.00053974168451117511 -0.010468626412401646 0.0056398457585265672 0.01697138791877912 0.025537756992153372 -0.0041884088410282464 -0.001665114780704553 -0.025000302350620483 -0.014373500405352343 0.0032672190207579184 0.026847565937698655 0.019134950544272982 0.0004424490870096757 -0.011841241998625936 0.025137093065225363 -0.034071364272579716 -0.010822755992551751 0.0027052424936602204 -0.0061968964557538274 0.00053424866240916731 0.0042714601170023275 0.0086454336445247019 0.0079978807385598545 -0.017962730521972475 -0.0023125308365107775 0.0083920664316352572 0.00075359536156946244
leaf_weight=852.29785872995853 1542.643906801939 13.87545597553253 251.61382478475571 2684.6607031822205 259.71961398422718 1365.1387138515711 65.369079038500786 106.01852956414223 949.71518348157406 20.273165658116341 8.0111750662326795 28.486418560147285 482.5151544958353 13.840578287839888 46.504894331097603 240.19244258105755 144.81710247695446 26.126957401633263 58.736456394195557 80.58308981359005 102.06603448092937 587.763198569417 2037.7284027636051 268.32484343647957 82.72560903429985 170.7644377797842 16.617724627256393 1299.9843636602163 48.856022119522095 119.46165831387043
leaf_count=3358 6078 55 986 10588 1029 5370 256 414 3751 80 32 113 1900 54 182 947 574 102 236 319 402 2324 8033 1056 325 671 66 5131 192 471
internal_value=0.000551267 -0.000316781 0.00655306 -0.000139354 -0.00129596 0.00163705 -0.000272401 0.0143331 -0.000462768 -0.0234617 0.011573 -0.00135055 0.0046078 0.0020268 0.00608443 -0.0058284 -0.00472501 0.00315871 -0.0295472 0.00147402 -0.00326318 -0.00618173 -0.000561352 0.00667615 0.0126038 0.0122667 -0.000646924 -0.00044517 -0.0019248 -0.00502285
internal_weight=13975.4 12209.5 1765.88 12116.7 7338.58 4778.09 5986.62 536.408 5921.25 92.8851 430.389 4364.77 2076.81 1556.48 1411.64 1351.95 1092.23 1229.48 72.6119 665.164 182.649 852.042 3415.06 377.177 108.853 422.378 2701.28 3386.57 1348.84 707.225
internal_count=55095 48151 6944 47780 28953 18827 23608 2103 23352 371 1689 17220 8173 6132 5552 5345 4316 4841 291 2621 721 3369 13469 1483 427 1657 10654 13356 5323 2795
is_linear=0
shrinkage=0.02


Tree=5
num_leaves=31
num_cat=0
split_feature=2 8 0 2 0 8 8 4 0 3 0 8 9 2 4 3 4 0 4 1 2 9 0 0 8 4 0 5 5 4
split_gain=174.833 120.654 112.034 59.2849 56.9192 56.2786 56.3382 44.5142 39.9165 38.4814 37.1763 30.2048 29.6843 30.1895 26.0649 25.181 23.5377 22.8788 26.5376 22.199 20.3094 20.2737 20.1269 19.9108 18.2907 17.6658 17.1496 16.6903 16.5659 35.6245
threshold=1.1217039933372239 -1.0000000180025095e-35 56.126070308028439 5.429951197511814 17.35643248251073 1.0000000180025095e-35 0.28990310146791676 -0.92347655985372967 84.668998895398332 0.36261198383498056 71.109450859171616 -0.17198630348880212 63.999999872003826 3.4837363050144057 -0.41690634012178723 0.34516423643885558 -0.53319946633575632 54.501656467096517 0.38763534775709024 21.521388666929894 1.9070205791244561 87.499999453112579 37.057425183950379 12.957479278509133 -0.1014040849637922 -1.041019113695026 71.109450859171616 0.090909091735556072 0.083333334097419678 1.305454647316046
decision_type=2 2 2 2 2 2 2 2 2 2 2 2 2 2 2 2 2 2 2 2 2 2 2 2 2 2 2 2 2 2
left_child=2 4 11 5 24 15 7 -7 -4 26 12 -1 14 -14 22 16 -3 18 25 -13 -19 -8 -6 -18 -2 -17 -9 -5 29 -25
right_child=1 3 8 27 10 6 21 9 -10 -11 -12 19 13 -15 -16 17 23 20 -20 -21 -22 -23 -24 28 -26 -27 -28 -29 -30 -31
leaf_value=0.017772809991173734 -0.0077013215440206017 0.0013227664687910591 0.011343501887996408 -0.031954053072843935 -0.0034670493860518561 0.016910695192964439 -0.0034966816503491801 0.0069632638307934227 0.025048847077548876 -0.00028769469435224542 0.015510584576541649 0.011168463628195836 -0.0041034755933759366 0.0077052026181837346 -0.0069754511069670963 0.013305813293559059 -0.0054473859946429616 0.020448514465799979 0.0091414928000108572 0.0015621967491819177 0.0044610237325012746 0.0037555490790840956 0.0061698865166397764 -0.0030719509703994612 -0.016511658142488467 -0.00030913269936880277 -0.011647244293391742 0.00016213719620904472 -0.00062348645109980879 -0.025101083938691766
leaf_weight=53.637859240174294 210.17179153859615 1765.728108510375 430.31680823862553 28.593332767486572 360.575434923172 124.86965911090374 500.8852449208498 1034.057746604085 105.92695105075836 467.38126219809055 41.828093945980072 105.73149858415127 177.9626500159502 168.68246813118458 870.96229556202888 39.76804456114769 438.01452039182186 49.085135608911514 156.29507060348988 1070.1170020699501 90.168008089065552 222.75931297242641 114.1255294829607 264.18588772416115 170.89698667824268 920.31260411441326 20.192773476243019 8.3664509803056699 3930.1564742177725 33.03581140935421
leaf_count=210 832 6958 1689 115 1424 489 1978 4065 414 1843 164 415 703 663 3446 156 1731 192 614 4216 355 877 449 1043 679 3629 80 33 15501 132
internal_value=0.000540263 -0.000310464 0.00642258 0.000599673 -0.00465368 0.000692593 0.00338694 0.00543115 0.0140508 0.0044891 -0.00311573 0.00309551 -0.00357611 0.0016428 -0.00492051 -0.000138187 -0.000643992 0.00245246 0.00149897 0.00242599 0.0100964 -0.00126423 -0.00115018 -0.00138836 -0.0116525 0.00025482 0.0066068 -0.024684 -0.000967787 -0.00552046
internal_weight=13974.8 12209.1 1765.73 10093.9 2115.21 10056.9 2370.15 1646.5 536.244 1521.63 1734.14 1229.49 1692.31 346.645 1345.66 7686.75 6431.12 1255.63 1116.38 1175.85 139.253 723.645 474.701 4665.39 381.069 960.081 1054.25 36.9598 4227.38 297.222
internal_count=55095 48151 6944 39791 8360 39643 9332 6477 2103 5988 6849 4841 6685 1366 5319 30311 25365 4946 4399 4631 547 2855 1873 18407 1511 3785 4145 148 16676 1175
is_linear=0
shrinkage=0.02


Tree=6
num_leaves=31
num_cat=0
split_feature=0 8 6 6 0 0 8 8 4 0 9 4 8 6 7 0 8 4 4 0 0 4 9 4 1 9 9 0 5 4
split_gain=141.139 125.402 105.48 94.4977 59.316 51.6104 51.6095 64.3279 43.6635 32.5567 30.8144 32.1861 29.2803 22.8005 22.7667 22.6973 19.3893 19.303 24.7291 23.8656 19.2093 19.6403 16.0073 15.5078 14.6753 14.6698 14.631 14.5971 14.1317 13.9895
threshold=80.107538952624012 -1.0000000180025095e-35 1.0004681517569625 2.858694583496844 17.35643248251073 53.802752088037664 1.0000000180025095e-35 0.29941065990140042 -0.92347655985372967 71.109450859171616 42.857142795919295 -0.41690634012178723 -0.40784703516076198 0.078400563944611326 3.0552202119047447 37.732083942272546 -0.28917106816065818 0.38763534775709024 -0.53750868419623465 12.957479278509133 14.10032500560623 -0.016146490972825309 15.300120039614976 -1.2307559121017899 19.381460697985133 56.249999824229413 87.629748483142905 84.668998895398332 0.50000000125014221 -0.42387514213733213
decision_type=2 2 2 2 2 2 2 2 2 2 2 2 2 2 2 2 2 2 2 2 2 2 2 2 2 2 2 2 2 2
left_child=1 4 25 5 16 6 17 8 -8 10 11 15 -12 -7 -5 -6 -1 18 24 -20 -10 -22 -9 -15 -3 -2 28 -27 -25 -14
right_child=2 3 -4 14 9 13 7 22 20 -11 12 -13 29 23 -16 -17 -18 -19 19 -21 21 -23 -24 26 -26 27 -28 -29 -30 -31
leaf_value=-0.0015055613971187011 0.021498281242408931 0.0053031017805910867 -0.029307527542170836 -0.027159816333081444 -0.0031715148786611237 0.011029190042030568 0.016919119631852952 -0.009323570190727928 0.011801058662567263 0.018539092904471293 0.0059453537251250421 -0.0078788435546479092 0.0016273787505975659 -0.024242530071807628 0.0021545363081639434 0.0089533889636722545 -0.013357055168942365 0.0027423252337069109 -0.0055420584994074406 -0.00068387055979236833 0.0026812312236007647 0.0087891369889441934 -0.00043565133258541175 0.005250701005974732 0.00074013374860206025 0.0015174397559368851 0.011705984805347867 0.01856265909025643 8.0966060222425103e-06 -0.0050267519767166714
leaf_weight=66.884087175130844 172.98621156811714 333.45752047002316 20.177036926150322 58.510337918996811 263.33027464151382 216.51207129657269 127.41030430793762 93.909752130508423 137.61631664633751 28.606194362044334 233.64569786190987 657.19474419951439 202.22827543318272 7.7940355241298667 12.941354021430014 80.675534501671791 316.55965133011341 917.59225413203239 444.52624061703682 4488.4315939992666 1022.1522058695555 265.22505563497543 592.12915931642056 550.00917674601078 1824.7982845008373 35.280107021331787 91.213634520769119 46.695486754179001 328.49963256716728 336.9602117985487
leaf_count=264 677 1312 81 235 1040 850 499 372 540 112 919 2602 797 31 51 317 1257 3614 1757 17703 4025 1042 2335 2164 7192 139 358 183 1295 1332
internal_value=0.000529486 0.000244629 0.0147122 0.00107847 -0.0041467 0.00122167 0.000763139 0.00344788 0.00570175 -0.00262728 -0.00296859 -0.00528443 3.15629e-05 0.00515678 -0.0218504 -0.000328007 -0.0112898 1.27602e-05 -0.000340441 -0.00112166 0.00469879 0.00393958 -0.00165229 0.00385609 0.00144513 0.0181958 0.00408193 0.0112269 0.00329034 -0.00253105
internal_weight=13974 13698.8 275.139 11512.7 2186.08 11441.3 10247.2 2238.44 1552.4 1802.64 1774.03 1001.2 772.834 1194.03 71.4517 344.006 383.444 8008.81 7091.21 4932.96 1424.99 1287.38 686.039 977.516 2158.26 254.962 969.722 81.9756 878.509 539.188
internal_count=55095 54015 1080 45375 8640 45089 40391 8813 6106 7119 7007 3959 3048 4698 286 1357 1521 31578 27964 19460 5607 5067 2707 3848 8504 999 3817 322 3459 2129
is_linear=0
shrinkage=0.02


Tree=7
num_leaves=31
num_cat=0
split_feature=2 6 0 9 2 2 0 0 4 6 1 3 1 4 3 5 1 0 4 4 0 3 4 9 3 2 6 9 5 3
split_gain=164.904 114.431 104.041 56.9772 76.9351 74.451 44.6366 37.0648 30.0026 25.5928 23.1585 22.6671 19.9804 19.6335 18.4818 17.4598 15.967 15.8597 18.6711 14.0057 13.8643 19.2805 13.6786 13.1024 12.8111 12.7819 12.2524 11.9355 12.1798 11.9193
threshold=1.1217039933372239 2.858694583496844 56.126070308028439 57.894736689751646 3.7575598789167683 3.2944238485883703 80.107538952624012 84.668998895398332 -0.57766343498856421 0.84210294291335563 39.053904853480326 0.43040022939099298 96.933795902398359 -0.20624682729502505 0.14859437750407772 0.058823529965539592 5.484762398296299 17.35643248251073 -0.52471235091233692 -0.45046601092529209 72.513006834735236 0.14859437750407772 0.47293317281173158 1.0000000180025095e-35 0.3209668001208319 1.935454099760473 0.12398570867107343 54.545454297514091 0.63636363669413976 0.41714285711899785
decision_type=2 2 2 2 2 2 2 2 2 2 2 2 2 2 2 2 2 2 2 2 2 2 2 2 2 2 2 2 2 2
left_child=2 3 10 4 6 12 8 9 -2 26 19 22 -5 16 -15 25 -10 -6 -19 -1 -18 -22 -7 -20 -12 -3 -4 -16 -29 -30
right_child=1 15 7 5 17 11 -8 -9 13 -11 24 -13 -14 14 27 -17 20 18 23 -21 21 -23 -24 -25 -26 -27 -28 28 29 -31
leaf_value=0.015493476619813885 0.0021290407536377529 -0.0096226950079248991 0.01445905223508504 0.00035843591033798972 -0.01000018651817646 0.0049502032739977024 0.016172288325110452 0.024199710731458095 0.004960162435809887 -0.024469858208597289 0.00094593610234357522 0.00029667319962068983 -0.0036283382866598634 -0.0020286872956305291 0.0012318867124128821 -0.0054972686705142618 -0.0029823395236630544 0.00042581140904912601 -0.011371485060265753 0.0051617178836284418 -0.0054461178454349212 0.01762599913527851 0.011841647557159881 -0.0047657914328741845 0.0085180437342651637 -0.030960745631650754 0.0075166152145610702 0.012558779464089903 -0.0089965610465127816 0.021769010216754318
leaf_weight=79.876187548041344 1380.1485038995743 13.84730316698551 251.42963750660419 2033.0718675255775 259.45546446740627 1525.9748148024082 65.307148739695549 105.6776083111763 112.54420734941959 7.9946645051240912 897.30459229648113 426.16805131733418 668.05574265122414 833.64487600326538 1059.2401746213436 19.195118591189384 2371.1657118201256 240.17433032393456 144.6915917545557 153.03360921144485 27.084815844893456 31.150459140539169 124.61532685160637 706.93399438261986 99.261036053299904 59.388949170708656 170.73430688679218 75.676272571086884 23.757174581289295 6.3924310058355323
leaf_count=313 5437 55 986 8016 1029 6004 256 414 443 32 3536 1680 2638 3290 4175 76 9362 947 574 602 107 122 489 2795 390 240 671 297 94 25
internal_value=0.000518928 -0.000307291 0.0062325 -0.000138158 -0.00124494 0.00156152 -0.000271928 0.0135872 -0.000453309 0.01098 0.00302713 0.00440878 -0.000627592 -0.00123822 0.0002449 -0.0224761 -0.00240439 -0.00555542 -0.00449917 0.00870498 -0.00274556 0.00689532 0.00547049 -0.0058881 0.00170014 -0.0269262 0.0116513 0.00187173 0.0082761 -0.00247353
internal_weight=13973 12207.7 1765.31 12115.3 7337.37 4777.89 5986.11 535.836 5920.8 430.159 1229.48 2076.76 2701.13 4540.66 1998.71 92.4314 2541.95 1351.26 1091.8 232.91 2429.4 58.2353 1650.59 851.626 996.566 73.2363 422.164 1165.07 105.826 30.1496
internal_count=55095 48151 6944 47780 28953 18827 23608 2103 23352 1689 4841 8173 10654 17915 7881 371 10034 5345 4316 915 9591 229 6493 3369 3926 295 1657 4591 416 119
is_linear=0
shrinkage=0.02


Tree=8
num_leaves=31
num_cat=0
split_feature=2 8 0 2 0 8 8 4 3 0 0 8 4 9 0 3 0 4 4 1 2 9 7 0 0 8 4 4 0 3
split_gain=158.407 109.473 100.037 53.5523 52.009 50.9991 51.7339 41.0388 36.5658 35.7454 33.723 28.6387 26.9288 33.9864 30.6847 23.8733 21.3691 25.0312 21.3562 20.599 19.1427 18.7767 18.7738 18.2117 17.4962 17.4434 16.8264 16.7983 16.5963 16.2717
threshold=1.1217039933372239 -1.0000000180025095e-35 56.126070308028439 5.429951197511814 17.35643248251073 1.0000000180025095e-35 0.28990310146791676 -0.92347655985372967 0.36261198383498056 84.668998895398332 71.109450859171616 -0.17198630348880212 -0.41690634012178723 85.714285408166759 43.004512789920184 0.34516423643885558 54.501656467096517 0.38763534775709024 -0.53319946633575632 21.521388666929894 1.9070205791244561 87.499999453112579 3.0552202119047447 12.957479278509133 9.6366150867940146 -0.086092191577881741 -0.38080516410834775 -1.041019113695026 71.109450859171616 0.11208829441288604
decision_type=2 2 2 2 2 2 2 2 2 2 2 2 2 2 2 2 2 2 2 2 2 2 2 2 2 2 2 2 2 2
left_child=2 4 11 5 24 15 7 -7 28 -4 12 -1 -6 26 -15 18 17 27 29 -13 -18 -8 -5 -20 -2 -26 -14 -17 -9 -3
right_child=1 3 9 22 10 6 21 8 -10 -11 -12 19 13 14 -16 16 20 -19 23 -21 -22 -23 -24 -25 25 -27 -28 -29 -30 -31
leaf_value=0.017261117740636985 -0.026337257238651466 0.0033652550941786342 0.010764253664105314 -0.032384497001160042 3.999823718756434e-05 0.01620376653311462 -0.0033875900310926218 0.0066884450292202125 -0.00038287902720796513 0.023755655963227717 0.014779425620613856 0.010736658587790897 -0.01527309364227983 0.010521152201769029 -0.023008012699884641 0.012981402863686152 0.019826827593143845 0.0088866026402237477 -0.0052213412244808376 0.0014827428742945434 0.0043024797436013156 0.003591873079384742 -0.00039051009215202928 -0.00093659949709903293 -0.0064476678545964455 -0.015616365837454262 -0.0055900286757407146 -0.00029431377904979086 -0.011620887332423327 -0.00049372825655739601
leaf_weight=53.617835208773613 28.047255769371986 794.97524690628052 430.00671131908894 26.56621316075325 590.02670659124851 124.78812876343727 500.78100216388702 1033.9898344129324 467.40198926627636 105.50167778134346 41.786988750100136 105.72346153855324 77.801529496908188 83.276025146245956 12.565186262130736 39.77264404296875 49.064648687839508 156.28799605369568 437.89560045301914 1070.1278836727142 90.142914816737175 222.76935355365276 10.135059922933577 4227.0546628981829 218.87019266188145 133.70176309347153 928.02346497774124 920.29310108721256 20.189488917589188 970.80025763809681
leaf_count=210 112 3130 1689 108 2327 489 1978 4065 1843 414 164 415 309 327 50 156 192 614 1731 4216 355 877 40 16676 867 532 3672 3629 80 3828
internal_value=0.000508584 -0.00030117 0.00610903 0.000565659 -0.00443949 0.00065367 0.00321866 0.0051776 0.00427332 0.0133237 -0.00296958 0.0029666 -0.003408 -0.00525467 0.00612534 -0.000137195 0.00238535 0.00146398 -0.000629708 0.00231478 0.00977414 -0.00123873 -0.0235494 -0.00133881 -0.011134 -0.00992461 -0.00633902 0.000255659 0.00633779 0.00124364
internal_weight=13972 12207 1764.98 10092.9 2114.1 10056.2 2369.92 1646.37 1521.58 535.508 1733.48 1229.47 1691.69 1101.67 95.8412 7686.29 1255.56 1116.35 6430.73 1175.85 139.208 723.55 36.7013 4664.95 380.619 352.572 1005.82 960.066 1054.18 1765.78
internal_count=55095 48151 6944 39791 8360 39643 9332 6477 5988 2103 6849 4841 6685 4358 377 30311 4946 4399 25365 4631 547 2855 148 18407 1511 1399 3981 3785 4145 6958
is_linear=0
shrinkage=0.02


Tree=9
num_leaves=31
num_cat=0
split_feature=2 6 8 0 0 8 8 0 3 0 7 8 9 2 6 3 0 1 2 9 0 8 0 6 3 2 0 2 9 7
split_gain=152.168 108.561 103.155 96.1894 52.1412 47.6357 50.2855 38.9464 37.766 34.5007 27.5224 27.5197 25.1214 28.1055 24.5993 24.4465 25.5251 19.7866 19.7083 18.19 17.6159 17.1362 15.4966 17.0243 15.4078 14.3787 12.991 12.6697 12.6082 12.3708
threshold=1.1217039933372239 2.858694583496844 -1.0000000180025095e-35 56.126070308028439 17.35643248251073 1.0000000180025095e-35 0.28990310146791676 71.109450859171616 0.36261198383498056 84.668998895398332 3.0552202119047447 -0.17198630348880212 63.999999872003826 3.4837363050144057 0.84210294291335563 0.32407407405907207 58.550374461572197 21.521388666929894 1.935454099760473 14.285714279422935 71.109450859171616 -0.28917106816065818 80.107538952624012 0.71319297250836311 0.1550802138954491 1.935454099760473 14.10032500560623 0.51026435234377765 27.659574438660957 0.95073960879043462
decision_type=2 2 2 2 2 2 2 2 2 2 2 2 2 2 2 2 2 2 2 2 2 2 2 2 2 2 2 2 2 2
left_child=3 2 4 11 21 15 8 12 20 14 25 29 -6 -14 -5 22 -17 -13 -18 -8 26 -2 -4 -24 -9 -3 -7 -19 -28 -1
right_child=1 10 5 9 7 6 19 24 -10 -11 -12 17 13 -15 -16 16 18 27 -20 -21 -22 -23 23 -25 -26 -27 28 -29 -30 -31
leaf_value=0.023692710104584652 -0.0015428015011742791 -0.0094170213709326538 -0.00069924597063703226 0.011210537013632511 -0.0043899443907115324 0.013000842400577053 -0.0094532470568845627 0.00090923691157538333 0.00054301358877533216 0.023325700594346944 -0.0013418683233028697 0.010523157028167252 -0.0038556061373382863 0.0076124606693854383 -0.024220584414263824 0.0014795480540036267 0.021332438470835751 0.0059416351410577061 0.0047113554075033795 1.148756051739465e-05 -0.011391700128835509 -0.012818404148708327 0.01412902551258558 -0.01768018317678411 0.026839602734503278 -0.032106143261680695 -0.0001234530358814767 0.00039800651476944729 0.0073903657919709397 0.0032852733807188866
leaf_weight=35.816260322928429 65.086401462554932 13.838364541530607 6139.9128496944904 421.8869314044714 1329.8972459882498 147.09655983746052 93.316835060715675 14.711909189820288 501.04546840488911 105.29943943023682 20.262018144130707 105.71120081841946 176.91559307277203 165.39708435535431 7.9865112900733939 1340.7139529883862 46.265640109777451 203.66952104866505 74.463845625519753 626.69775667786598 20.183819800615311 314.05480206012726 49.198737651109695 7.7966964393854132 24.315426856279373 57.991242736577988 99.453256160020828 866.46805086731911 877.50210301578045 17.78021577000618
leaf_count=140 257 55 24218 1657 5259 577 370 58 1975 414 80 415 699 650 32 5283 181 801 293 2471 80 1249 193 31 95 236 392 3415 3449 70
internal_value=0.000498456 -0.000295174 -0.00013072 0.00598811 -0.00417212 0.000712093 0.00319299 -0.00268532 0.00512211 0.0130655 -0.0219279 0.00290733 -0.00314626 0.00168548 0.0105523 -5.41358e-05 0.00227271 0.00226849 0.0110808 -0.00121518 0.00712723 -0.0108827 -0.000602885 0.00977768 0.0170648 -0.027735 0.00745976 0.00145307 0.00662547 0.0169227
internal_weight=13970.7 12206.1 12114 1764.62 2090.38 10023.6 2365.3 1711.24 1645.28 535.173 92.0916 1229.45 1672.21 342.313 429.873 7658.35 1461.44 1175.85 120.729 720.015 1144.24 379.141 6196.91 56.9954 39.0273 71.8296 1124.05 1070.14 976.955 53.5965
internal_count=55095 48151 47780 6944 8267 39513 9314 6761 6473 2103 371 4841 6608 1349 1689 30199 5757 4631 474 2841 4498 1506 24442 224 153 291 4418 4216 3841 210
is_linear=0
shrinkage=0.02


Tree=10
num_leaves=31
num_cat=0
split_feature=2 8 0 2 0 8 8 4 3 0 0 8 4 9 0 3 4 0 4 1 9 2 7 0 0 8 4 4 3 0
split_gain=146.184 101.049 92.5137 49.7838 48.0764 47.0657 47.6847 39.3048 33.7656 33.314 31.1655 26.4524 25.8694 31.7647 29.2976 22.097 20.4789 19.9028 24.0856 19.0077 17.8472 17.7514 17.651 17.4837 16.8121 16.5654 16.2003 16.1331 15.627 15.2853
threshold=1.1217039933372239 -1.0000000180025095e-35 56.126070308028439 5.429951197511814 17.35643248251073 1.0000000180025095e-35 0.28990310146791676 -0.92347655985372967 0.36261198383498056 84.668998895398332 71.109450859171616 -0.17198630348880212 -0.41690634012178723 85.714285408166759 43.004512789920184 0.34516423643885558 -0.53319946633575632 54.501656467096517 0.38763534775709024 21.521388666929894 87.499999453112579 1.9660298528902456 3.0552202119047447 12.957479278509133 9.6366150867940146 -0.086092191577881741 -0.38080516410834775 -1.041019113695026 0.11208829441288604 71.109450859171616
decision_type=2 2 2 2 2 2 2 2 2 2 2 2 2 2 2 2 2 2 2 2 2 2 2 2 2 2 2 2 2 2
left_child=2 4 11 5 24 15 7 -7 29 -4 12 -1 -6 26 -15 16 28 18 27 -13 -8 -19 -5 -18 -2 -26 -14 -17 -3 -9
right_child=1 3 9 22 10 6 20 8 -10 -11 -12 19 13 14 -16 17 23 21 -20 -21 -22 -23 -24 -25 25 -27 -28 -29 -30 -31
leaf_value=0.016594646725933505 -0.025628236490039227 0.0033079852574245229 0.01034578742779607 -0.031420685517542644 0.00010474397162402968 0.015768129791441356 -0.0032826409598983464 0.0064089797405092463 -0.0003858452209304836 0.022909027975838873 0.01422097775705846 0.010314459868504338 -0.014903921098206704 0.010211985511551095 -0.022561460274314188 0.012692226527725068 -0.0051044797469305125 0.018593219128175922 0.0086875522305201597 0.0014240116278016004 0.0035220427600567532 0.0038600791977922832 -0.00035786931266237285 -0.00090593614068083296 -0.0061330206361990651 -0.015074173280850214 -0.0053989667015089827 -0.00031801335007163354 -0.00047377339962352967 -0.011167707334891705
leaf_weight=53.563323885202408 27.982480749487877 794.98710809648037 429.68534998595715 26.322433486580849 589.97447828948498 124.69584985077381 500.69629639387131 1033.8418976515532 467.40257573127747 105.07260870933533 41.731018275022507 105.69327495992184 77.73784413933754 83.265516087412834 12.555825188755987 39.772505223751068 437.82623848319054 52.582993268966675 156.27706415951252 1070.138522207737 222.77188505232334 86.560214057564735 10.134442970156668 4226.8573558330536 218.69160471856594 133.47088277339935 927.65559309720993 920.30845761299133 970.78533582389355 20.176943898200989
leaf_count=210 112 3130 1689 108 2327 489 1978 4065 1843 414 164 415 309 327 50 156 1731 206 614 4216 877 341 40 16676 867 532 3672 3629 3828 80
internal_value=0.000488538 -0.000289304 0.00586994 0.000543408 -0.00426634 0.000627989 0.00309228 0.00497317 0.00408841 0.0128143 -0.00285339 0.00284931 -0.00327471 -0.00508525 0.00591756 -0.000131754 -0.000605597 0.00229519 0.00140618 0.00222316 -0.00118733 0.00942781 -0.0227857 -0.00130001 -0.0107073 -0.00952175 -0.0061339 0.000220951 0.00122885 0.00607251
internal_weight=13969.2 12205.1 1764.15 10092 2113.07 10055.5 2369.59 1646.12 1521.42 534.758 1732.92 1229.4 1691.19 1101.21 95.8213 7685.96 6430.46 1255.5 1116.36 1175.83 723.468 139.143 36.4569 4664.68 380.145 352.162 1005.39 960.081 1765.77 1054.02
internal_count=55095 48151 6944 39791 8360 39643 9332 6477 5988 2103 6849 4841 6685 4358 377 30311 25365 4946 4399 4631 2855 547 148 18407 1511 1399 3981 3785 6958 4145
is_linear=0
shrinkage=0.02


Tree=11
num_leaves=31
num_cat=0
split_feature=2 6 8 6 8 8 3 5 9 7 3 2 9 6 7 5 2 6 1 6 3 3 9 2 9 3 7 3 9 8
split_gain=140.436 103.095 95.0973 48.9918 43.9265 46.4152 34.9034 30.3932 30.0083 26.2571 22.691 17.3815 17.3017 16.6324 16.5846 15.607 13.7319 12.8532 12.6228 11.9076 10.727 12.1143 10.7104 15.4314 13.0206 10.5124 11.2514 9.47111 9.30042 12.5581
threshold=1.1217039933372239 2.858694583496844 -1.0000000180025095e-35 0.15987690878701338 1.0000000180025095e-35 0.28990310146791676 0.36261198383498056 0.72281323887726068 86.111110991512447 3.0552202119047447 0.32407407405907207 3.2639726083918457 14.285714279422935 1.014083728365174 0.99716191355897943 0.94812637034299363 1.935454099760473 0.02327593632726065 68.71987400113504 0.16483741033168234 0.32407407405907207 0.011918968064360201 74.999999062478722 0.51026435234377765 79.999999799996601 0.20175438595605985 0.4409857328129379 0.55854349330419417 1.0000000180025095e-35 -0.25489447506026858
decision_type=2 2 2 2 2 2 2 2 2 2 2 2 2 2 2 2 2 2 2 2 2 2 2 2 2 2 2 2 2 2
left_child=3 2 8 7 10 6 15 -1 14 16 -4 -10 -7 18 -2 -6 -3 -9 19 -5 21 -19 23 -20 -24 26 -21 28 -16 -30
right_child=1 9 4 13 5 12 -8 17 11 -11 -12 -13 -14 -15 27 -17 -18 20 22 25 -22 -23 24 -25 -26 -27 -28 -29 29 -31
leaf_value=0.012959550097827661 -0.0063115349079807745 -0.0092162758619982188 -0.00057897472068486758 -0.017101653103771829 0.0070524873035826309 -0.0092042342523388707 0.00051963020143345117 0.017203877252449949 -0.0067550145580327695 -0.0013166284650459254 0.0021915075819663376 0.0091079793592401103 2.8847414680579914e-05 -0.016672396905607841 -0.0084535993959055627 -0.020065659046147214 -0.031410303955567473 0.01560000712772474 0.0119099880603185 -0.0101355865298787 0.012649231997975376 0.0025494266953913253 -0.016070722158108824 0.00085221429825905982 -0.00039669745186535151 0.012501708874894699 0.0058379102306518405 0.0068015173188565592 0.0012921582023178919 -0.0042125772658937986
leaf_weight=416.316839158535 1076.4519836306572 13.828685611486433 6196.6916305571795 8.5617977380752546 1135.3853725790977 93.262898728251457 501.02733407914639 35.616732403635979 37.644820734858513 20.260272681713104 1461.3729631602764 103.85588665306568 626.67699946463108 18.080526545643806 110.90242384374142 8.5530322045087797 57.591360986232758 30.824518218636513 58.089308515191078 19.708375319838524 59.594794154167175 369.5064507573843 29.502239137887955 385.43574421107769 75.331430286169052 89.143327504396439 167.96470636129379 40.852326482534409 258.97172668576241 460.62893830239773
leaf_count=1637 4263 55 24442 34 4464 370 1975 140 149 80 5757 408 2471 72 440 34 236 121 228 78 234 1456 117 1519 297 350 661 161 1022 1824
internal_value=0.000478822 -0.00028355 -0.000123622 0.00575414 0.000685482 0.00306806 0.00492169 0.00897589 -0.00400511 -0.0214123 -5.02892e-05 0.00488779 -0.00116723 0.0023053 -0.00465114 0.00684973 -0.027113 0.00562912 0.00271685 0.00612811 0.00473277 0.00355429 0.000941557 0.00230047 -0.00480767 0.0068466 0.00416046 -0.00259994 -0.00306239 -0.00223152
internal_weight=13967.6 12204 12112.3 1763.68 10023 2364.91 1644.97 911.859 2089.31 91.6803 7658.06 141.501 719.94 851.817 1947.81 1143.94 71.42 495.542 833.737 285.378 459.926 400.331 548.359 443.525 104.834 276.816 187.673 871.355 830.503 719.601
internal_count=55095 48151 47780 6944 39513 9314 6473 3588 8267 371 30199 557 2841 3356 7710 4498 291 1951 3284 1123 1811 1577 2161 1747 414 1089 739 3447 3286 2846
is_linear=0
shrinkage=0.02


Tree=12
num_leaves=31
num_cat=0
split_feature=2 8 0 2 0 8 8 3 0 0 8 9 2 3 0 1 2 9 0 7 0 0 8 2 3 9 1 3 8 2
split_gain=134.909 93.2749 87.3663 46.3239 46.0423 43.439 43.9544 33.0484 32.0338 30.0538 25.0835 24.4028 29.2817 20.4552 19.2096 17.8118 17.0129 16.964 16.9474 16.6347 16.1893 16.0417 15.8731 15.6068 14.4915 13.4325 13.0962 12.6285 12.1365 12.4801
threshold=1.1217039933372239 -1.0000000180025095e-35 56.126070308028439 5.429951197511814 17.35643248251073 1.0000000180025095e-35 0.28990310146791676 0.36261198383498056 84.668998895398332 71.109450859171616 -0.17198630348880212 54.545454462807733 3.5928119341222562 0.34516423643885558 54.501656467096517 21.521388666929894 1.9070205791244561 87.499999453112579 25.912683117843446 3.0552202119047447 9.6366150867940146 71.109450859171616 -0.086092191577881741 4.8095411451945447 0.3970954231724968 27.659574438660957 136.62261541529816 0.31598513009977652 -1.0000000180025095e-35 0.51026435234377765
decision_type=2 2 2 2 2 2 2 2 2 2 2 2 2 2 2 2 2 2 2 2 2 2 2 2 2 2 2 2 2 2
left_child=2 4 10 5 20 13 7 21 -4 11 -1 23 18 -3 -15 -12 -16 -8 -13 -5 -2 25 -22 -6 27 26 -7 -19 -17 -30
right_child=1 3 8 19 9 6 17 -9 -10 -11 15 12 -14 14 16 28 -18 24 -20 -21 22 -23 -24 -25 -26 -27 -28 -29 29 -31
leaf_value=0.016099009725208602 -0.02506716879922908 -0.00058244585999319342 0.0099759380302136286 -0.030531675308444743 -0.0042748777768707993 0.0035784739566974756 -0.0031811192138000962 0.0004884525226440036 0.022314488307549424 0.014054641994102461 0.0099314090958993167 0.002733162202908999 0.0068670028879472024 0.0013353308169585399 0.018705519622917759 -0.016464975552807955 0.0040606689318514961 0.0036433514952883966 -0.00693089441974704 -0.00032997060245008793 -0.0059265089331164136 -0.01102805725009047 -0.014683906169200397 -0.017814564188638044 -0.0028939460227140855 0.0077002519802765977 -0.014271196000846337 0.017099164000036388 0.0060497152497440169 0.00052008274281079437
leaf_weight=53.503047540783882 27.91552846133709 6430.2116597443819 429.30967511236668 26.038364350795746 1163.2172142714262 93.998609036207199 500.60340319573879 500.2636027187109 104.69147434830666 41.70676426589489 105.64253947138786 118.4379400908947 186.37401039898396 1116.3560466617346 48.975445792078972 15.125285133719442 90.10893127322197 96.027845427393913 187.48242774605751 10.133836865425108 218.56228473782539 20.170854568481445 133.2700596600771 35.080067217350006 87.420501232147217 1011.4069149047136 19.927217811346054 39.324365735054016 201.90216667950153 853.09011723101139
leaf_count=210 112 25365 1689 108 4603 370 1978 1972 414 164 415 467 733 4399 192 60 355 378 742 40 867 80 532 140 345 3976 79 154 794 3362
internal_value=0.000469287 -0.000277909 0.0056404 0.000522043 -0.00409994 0.00060332 0.00297103 0.00477709 0.0123949 -0.00271735 0.00270619 -0.00313111 0.000617761 -0.000126539 0.00220856 0.00209675 0.00921752 -0.00113799 -0.00318943 -0.0220705 -0.0104069 0.00665003 -0.00924371 -0.00467125 0.00345324 0.00696689 0.000456317 0.00755272 0.0013233 0.00157833
internal_weight=13966.3 12203 1763.26 10091 2112.05 10054.8 2369.14 1645.77 534.001 1732.3 1229.26 1690.59 492.294 7685.65 1255.44 1175.76 139.084 723.376 305.92 36.1722 379.748 1145.5 351.832 1198.3 222.773 1125.33 113.926 135.352 1070.12 1054.99
internal_count=55095 48151 6944 39791 8360 39643 9332 6477 2103 6849 4841 6685 1942 30311 4946 4631 547 2855 1209 148 1511 4505 1399 4743 877 4425 449 532 4216 4156
is_linear=0
shrinkage=0.02


Tree=13
num_leaves=31
num_cat=0
split_feature=6 0 8 0 0 8 8 4 3 6 0 4 8 4 7 6 3 4 3 4 0 8 6 4 1 0 7 5 4 8
split_gain=115.205 140.974 95.9177 49.6405 41.1408 39.7649 51.8978 38.7407 35.8191 31.1531 29.5002 23.7319 34.6295 25.7139 22.6362 18.8483 20.1096 17.4493 29.5889 21.5945 20.9588 17.3262 16.2505 14.8291 13.769 12.8803 14.0494 12.8728 12.8478 12.2359
threshold=2.858694583496844 80.107538952624012 -1.0000000180025095e-35 17.35643248251073 53.802752088037664 1.0000000180025095e-35 0.29941065990140042 -0.92347655985372967 0.37499999998873973 0.6921598759059292 71.109450859171616 -0.41690634012178723 -0.40784703516076198 -0.17438771022235447 3.0552202119047447 0.078400563944611326 0.30496453899627912 0.38763534775709024 0.24065983865852952 -0.53750868419623465 12.957479278509133 -0.28917106816065818 0.074221097507252129 -0.67655357027279639 19.381460697985133 63.654079321107467 3.0552202119047447 0.50000000104176145 2.2553222638817227 -1.2418627603901766
decision_type=2 2 2 2 2 2 2 2 2 2 2 2 2 2 2 2 2 2 2 2 2 2 2 2 2 2 2 2 2 2
left_child=1 2 3 21 5 17 7 -7 -9 -3 11 22 28 -14 -2 27 -17 19 -19 24 -21 -1 -5 -18 -4 26 -25 -6 29 -13
right_child=14 9 4 10 15 6 -8 8 -10 -11 -12 12 13 -15 -16 16 23 18 -20 20 -22 -23 -24 25 -26 -27 -28 -29 -30 -31
leaf_value=-0.0007515606160388989 -0.024729089268552662 0.016625727590919376 0.0050714640872342818 0.014240988211094664 0.022004966675904573 0.015622055559813721 -0.0015640805922717254 0.0060528402346234815 -0.0010484918558975531 -0.018058435388983943 0.018617603757877188 -0.016169395473090171 -0.0095020889329229391 -0.0026280091227580699 -0.00123490199943916 0.0015314543624322823 -0.019391916933414001 -7.0019259405488851e-05 0.007433601589888407 -0.00520764704515762 -0.00065392706491596605 -0.012035196029367293 -6.0836660573595767e-05 0.0058015207296488571 0.0006516318516501167 0.012803011243789289 -0.021814120783529511 0.0079566511373503641 0.016476277457879343 0.0019999073386710187
leaf_weight=65.819517076015472 86.253577947616577 249.87551632523537 333.45495447516441 33.616849720478058 30.356213092803955 127.11359576880932 685.77784331142902 1032.4742493778467 391.98048968613148 10.806526586413382 27.012121692299843 15.862383812665938 437.87921783328056 432.83205333352089 20.256054282188416 685.47025308012962 7.8056749552488318 591.39352133870125 326.12672328948975 444.31501264870167 4488.0843238979578 314.66463369131088 581.38261052966118 133.69511124491692 1824.8220529854298 142.1688584536314 7.79884049296379 185.67907363176346 22.924115791916847 226.87681533396244
leaf_count=260 352 986 1312 132 119 499 2707 4061 1546 43 106 63 1738 1712 80 2702 31 2332 1282 1757 17703 1255 2294 526 7192 558 31 731 90 895
internal_value=0.000459957 0.000619213 0.00033991 -0.00352664 0.00106967 0.000660381 0.00301767 0.00504276 0.0040987 0.0151879 -0.00212385 -0.00244376 -0.00415647 -0.00608497 -0.020261 0.00458474 0.00340257 1.79674e-06 0.00259709 -0.00033403 -0.00106413 -0.0100833 0.000720924 0.00780301 0.0013345 0.00855135 0.00427941 0.00993065 0.00216421 0.00081259
internal_weight=13964.6 13858.1 13597.4 2158.87 11438.5 10245.5 2237.35 1551.57 1424.45 260.682 1778.39 1751.37 1136.37 870.711 106.51 1192.97 976.939 8008.2 917.52 7090.68 4932.4 380.484 614.999 291.468 2158.28 283.663 141.494 216.035 265.663 242.739
internal_count=55095 54663 53634 8545 45089 40391 8813 6106 5607 1029 7030 6924 4498 3450 432 4698 3848 31578 3614 27964 19460 1515 2426 1146 8504 1115 557 850 1048 958
is_linear=0
shrinkage=0.02


end of trees

feature_importances:
entry_adx=93
volatility_zscore=64
st_slope=57
st_gap_ratio=48
efficiency_ratio=47
rsi_5=33
candle_body_atr=32
cci_abs=16
vol_ratio=16
wick_ratio=14

parameters:
[boosting: gbdt]
[objective: binary]
[metric: auc]
[tree_learner: serial]
[device_type: cpu]
[data_sample_strategy: bagging]
[data: ]
[valid: ]
[num_iterations: 1000]
[learning_rate: 0.02]
[num_leaves: 31]
[num_threads: 0]
[seed: 0]
[deterministic: 0]
[force_col_wise: 0]
[force_row_wise: 0]
[histogram_pool_size: -1]
[max_depth: -1]
[min_data_in_leaf: 20]
[min_sum_hessian_in_leaf: 0.001]
[bagging_fraction: 1]
[pos_bagging_fraction: 1]
[neg_bagging_fraction: 1]
[bagging_freq: 0]
[bagging_seed: 3]
[bagging_by_query: 0]
[feature_fraction: 0.8]
[feature_fraction_bynode: 1]
[feature_fraction_seed: 2]
[extra_trees: 0]
[extra_seed: 6]
[early_stopping_round: 0]
[early_stopping_min_delta: 0]
[first_metric_only: 0]
[max_delta_step: 0]
[lambda_l1: 0]
[lambda_l2: 0]
[linear_lambda: 0]
[min_gain_to_split: 0]
[drop_rate: 0.1]
[max_drop: 50]
[skip_drop: 0.5]
[xgboost_dart_mode: 0]
[uniform_drop: 0]
[drop_seed: 4]
[top_rate: 0.2]
[other_rate: 0.1]
[min_data_per_group: 100]
[max_cat_threshold: 32]
[cat_l2: 10]
[cat_smooth: 10]
[max_cat_to_onehot: 4]
[top_k: 20]
[monotone_constraints: ]
[monotone_constraints_method: basic]
[monotone_penalty: 0]
[feature_contri: ]
[forcedsplits_filename: ]
[refit_decay_rate: 0.9]
[cegb_tradeoff: 1]
[cegb_penalty_split: 0]
[cegb_penalty_feature_lazy: ]
[cegb_penalty_feature_coupled: ]
[path_smooth: 0]
[interaction_constraints: ]
[verbosity: -1]
[saved_feature_importance_type: 0]
[use_quantized_grad: 0]
[num_grad_quant_bins: 4]
[quant_train_renew_leaf: 0]
[stochastic_rounding: 1]
[linear_tree: 0]
[max_bin: 255]
[max_bin_by_feature: ]
[min_data_in_bin: 3]
[bin_construct_sample_cnt: 200000]
[data_random_seed: 1]
[is_enable_sparse: 1]
[enable_bundle: 1]
[use_missing: 1]
[zero_as_missing: 0]
[feature_pre_filter: 1]
[pre_partition: 0]
[two_round: 0]
[header: 0]
[label_column: ]
[weight_column: ]
[group_column: ]
[ignore_column: ]
[categorical_feature: ]
[forcedbins_filename: ]
[precise_float_parser: 0]
[parser_config_file: ]
[objective_seed: 5]
[num_class: 1]
[is_unbalance: 1]
[scale_pos_weight: 1]
[sigmoid: 1]
[boost_from_average: 1]
[reg_sqrt: 0]
[alpha: 0.9]
[fair_c: 1]
[poisson_max_delta_step: 0.7]
[tweedie_variance_power: 1.5]
[lambdarank_truncation_level: 30]
[lambdarank_norm: 1]
[label_gain: ]
[lambdarank_position_bias_regularization: 0]
[eval_at: ]
[multi_error_top_k: 1]
[auc_mu_weights: ]
[num_machines: 1]
[local_listen_port: 12400]
[time_out: 120]
[machine_list_filename: ]
[machines: ]
[gpu_platform_id: -1]
[gpu_device_id: -1]
[gpu_use_dp: 0]
[num_gpu: 1]

end of parameters

pandas_categorical:[]
