tree
version=v4
num_class=1
num_tree_per_iteration=1
label_index=0
max_feature_idx=9
objective=binary sigmoid:1
feature_names=entry_adx cci_abs st_gap_ratio efficiency_ratio volatility_zscore wick_ratio candle_body_atr st_slope rsi_7 session_cluster
feature_infos=[5.7106977993352421:95.757075771693536] [0:666.66666586191195] [0.00098633107766432659:11.497927083888905] [0:0.92207792195812954] [-2.5503235739022858:9.8334525469381706] [1.7152599142530711e-11:0.99791666666671197] [0.0039094882259033794:12.210935084682324] [-18.58285123942369:61.928275019812645] [0:99.999999980716254] [0:2]
tree_sizes=3452 3478 3469 3474 3480 3465 3489 3459 3473 3472 3482 3501 3472 3466 3468 3493 3474 3479 3457 3469

Tree=0
num_leaves=31
num_cat=0
split_feature=6 7 2 0 7 7 8 3 3 9 9 0 0 8 2 0 7 0 5 3 0 0 9 8 3 3 0 2 5 8
split_gain=128.696 98.4946 70.1755 52.4883 49.9072 36.7274 50.2379 37.8755 32.8693 29.1594 26.505 23.8884 21.4066 20.8678 22.9353 18.8194 15.5175 14.9657 14.8251 20.1009 14.207 13.8646 15.8668 13.7962 13.755 12.6254 12.5603 12.0032 12.0951 11.811
threshold=3.9231138820574292 -1.0000000180025095e-35 0.99331961095984733 71.036359089134521 -2.0579260012369782 1.0000000180025095e-35 25.581395307193201 0.36199425330973661 0.34399999997936553 1.5000000000000002 1.0000000180025095e-35 65.351793223767075 63.654252290328564 81.081080966035103 1.4870077814231524 17.986092127898296 3.9748510060935591 9.9514052821499845 0.86666666671100512 0.28888888887819852 67.456744699061389 75.337309006351248 1.5000000000000002 9.090909076447689 0.34962192277231524 0.047897831553729842 49.807742350514111 1.9396999906661008 0.076923077455634814 7.8947368275662706
decision_type=2 2 2 2 2 2 2 2 2 2 2 2 2 2 2 2 2 2 2 2 2 2 2 2 2 2 2 2 2 2
left_child=1 3 11 4 13 8 -7 16 10 18 20 24 23 14 -1 -11 -8 -12 29 -20 -4 -19 -23 -10 -3 -5 -15 -2 -29 -6
right_child=27 2 5 25 9 6 7 -9 12 15 17 -13 -14 26 -16 -17 -18 21 19 -21 -22 22 -24 -25 -26 -27 -28 28 -30 -31
leaf_value=-0.030487307075211172 -0.061975360655180931 -0.045248088084007536 -0.048766297879065126 -0.054162051344668172 -0.065094628119032272 -0.059989226100364682 -0.043612755331980127 -0.050709704938047509 -0.022685576821280112 -0.068483419714864602 -0.064943400080186217 -0.030581332392482275 -0.035804965629976863 -0.036584054518526588 -0.053408422135565202 -0.058979585560673245 -0.055440281277419401 -0.053132409845317544 -0.055214558108723256 -0.032640411426256774 -0.058608247546837418 -0.023733601698074033 -0.054333998040361799 -0.048534127885682225 -0.029113290636967354 -0.023748193117938764 -0.066553154950709043 -0.088262404677757478 -0.057011902507444145 -0.055331314603273903
leaf_weight=19.217801436781883 11.704716414213179 181.8491675555706 1027.5324985831976 6.9047933667898169 53.327787593007088 117.70614436268806 966.60113748908043 541.0577377974987 8.3530999571084958 119.09409642219543 42.412397548556328 81.540782645344734 59.78241066634655 68.805350616574287 191.12555032968521 277.63037529587746 46.505068302154541 1987.3434094637632 39.100609883666039 26.452084913849831 62.220381394028664 13.825279489159584 13.296645417809486 736.11544990539551 23.913930863142014 26.085182502865791 6.0889144688844672 42.038245663046837 5.6158019453287116 701.96921637654305
leaf_count=74 46 707 4004 27 210 462 3754 2111 32 470 167 314 231 266 747 1089 182 7766 153 102 244 53 52 2868 92 100 24 168 22 2747
internal_value=-0.0507901 -0.0505563 -0.0493837 -0.0550687 -0.0556165 -0.0498763 -0.0473915 -0.0464374 -0.0509278 -0.0573805 -0.05185 -0.0397425 -0.0473195 -0.0480863 -0.0513143 -0.0618326 -0.0441557 -0.0531861 -0.0552288 -0.0461053 -0.0493282 -0.0529386 -0.0387356 -0.0482441 -0.0433729 -0.0301138 -0.0390205 -0.0801224 -0.0845797 -0.0560207
internal_weight=7505.22 7445.86 5910.06 1535.8 1502.81 5622.75 1671.87 1554.16 3950.88 1217.57 3146.63 287.304 804.251 285.238 210.343 396.724 1013.11 2056.88 820.85 65.5527 1089.75 2014.47 27.1219 744.469 205.763 32.99 74.8943 59.3588 47.654 755.297
internal_count=29284 29048 23039 6009 5882 21926 6509 6047 15417 4771 12286 1113 3131 1111 821 1559 3936 8038 3212 255 4248 7871 105 2900 799 127 290 236 190 2957
is_linear=0
shrinkage=1


Tree=1
num_leaves=31
num_cat=0
split_feature=6 7 2 0 7 7 3 7 3 9 4 9 4 0 0 0 4 0 4 4 5 0 6 0 6 0 3 2 3 4
split_gain=123.714 94.595 67.3721 50.3962 47.9387 35.2669 31.5636 29.2317 28.5755 28.0204 40.3053 25.4549 24.0947 22.9233 21.4939 20.5481 22.0551 18.0934 16.9743 19.5233 16.5066 13.8674 19.5571 13.645 13.6145 13.9445 21.5024 13.5097 13.2005 13.1166
threshold=3.9231138820574292 -1.0000000180025095e-35 0.99331961095984733 71.036359089134521 -2.0579260012369782 1.0000000180025095e-35 0.34399999997936553 1.4599377667307183 0.36199425330973661 1.5000000000000002 -0.4171760471944595 1.0000000180025095e-35 -1.1805483998692397 65.351793223767075 9.9514052821499845 63.654252290328564 0.38028260952338017 17.986092127898296 0.26871447134153797 -0.50344720305488078 0.87500000015633894 72.380601384900118 0.74552383075492612 67.456744699061389 0.68543818991482841 24.282038754562915 0.19745222928994152 1.3885060222552035 0.34962192277231524 -0.92495083075025775
decision_type=2 2 2 2 2 2 2 2 2 2 2 2 2 2 2 2 2 2 2 2 2 2 2 2 2 2 2 2 2 2
left_child=1 3 13 4 27 6 11 8 -7 10 20 23 -13 28 -14 16 -8 -11 19 -19 24 -16 -23 -4 25 26 -6 -1 -3 -10
right_child=-2 2 5 -5 9 7 15 -9 29 17 -12 12 14 -15 21 -17 -18 18 -20 -21 -22 22 -24 -25 -26 -27 -28 -29 -30 -31
leaf_value=0.019812744649020889 -0.027806128078762943 0.0063970990345024858 0.0029500509725186742 0.021220985884720253 0.0028040985211760083 0.0083729631679887902 0.0020013928162558184 0.00048498550501892241 0.016147033792615454 -0.01638080554904436 -0.0064486356105275594 0.01515398897936129 -0.016565971323672234 0.020762381918047496 -0.0016102238650342099 0.015646854437481379 0.011575706500582343 -0.0022852913188424026 0.0067939647665340745 -0.013675488812149948 0.021702352160325823 0.016806389271245455 -0.023901320400824991 -0.0066961070366191588 0.0119108761825367 0.0040840037536346791 -0.016982431004931985 0.0024467374355471483 0.022199937487458601 0.00064967436976647909
leaf_weight=19.212662041187286 59.300930887460709 181.87796401977539 1027.6102290600538 33.003346666693687 46.949203938245773 754.49654604494572 630.97224968671799 543.19470162689686 23.295280411839485 119.03430831432343 555.19336120784283 34.656377702951431 37.991332709789276 81.576369225978851 1946.9992299228907 59.803315043449402 113.56067931652069 104.82671165466309 31.37609738111496 141.37221306562424 17.667578935623169 31.600417867302895 5.5498383194208136 62.208654180169106 43.098132073879242 116.57167249917984 41.289287075400352 266.04560032486916 23.924890488386154 351.05489970743656
leaf_count=74 236 707 4004 127 183 2929 2460 2120 90 470 2177 134 150 314 7610 231 440 410 122 557 68 122 22 244 167 454 163 1037 92 1370
internal_value=0.000966925 0.00119608 0.00234513 -0.00322639 -0.00376335 0.0018624 0.000832003 0.00429716 0.00613156 -0.00549257 -0.00338334 -7.17909e-05 -0.0013812 0.0117905 -0.00166459 0.0043677 0.00346173 -0.00985757 -0.00706017 -0.00882576 0.00302475 -0.00137926 0.0107251 0.00239943 0.00169366 -0.00045634 -0.00645458 0.00361637 0.0082342 0.00161405
internal_weight=7505.31 7446.01 5910.37 1535.64 1502.64 5622.99 3950.95 1672.04 1128.85 1217.38 820.769 3146.62 2056.8 287.379 2022.14 804.336 744.533 396.609 277.575 246.199 265.576 1984.15 37.1503 1089.82 247.908 204.81 88.2385 285.258 205.803 374.35
internal_count=29284 29048 23039 6009 5882 21926 15417 6509 4389 4771 3212 12286 8038 1113 7904 3131 2900 1559 1089 967 1035 7754 144 4248 967 800 346 1111 799 1460
is_linear=0
shrinkage=0.02


Tree=2
num_leaves=31
num_cat=0
split_feature=7 7 0 4 9 4 5 4 0 4 3 9 8 0 8 8 0 0 3 1 3 0 3 8 0 4 0 0 3 7
split_gain=90.2812 45.7016 41.4277 33.0557 28.7213 39.4729 27.9498 72.7524 53.8212 34.4168 26.5727 24.3318 21.7281 19.9291 19.3781 19.27 18.9789 18.4645 17.3102 17.2451 21.1325 16.5838 15.9922 16.1524 14.8929 14.5852 16.5058 15.7505 14.8842 14.4319
threshold=-1.0000000180025095e-35 -2.0579260012369782 71.036359089134521 -0.53245439787668292 1.5000000000000002 -0.4171760471944595 0.066666667288904122 1.1522089868797893 56.860210275889806 0.38028260952338017 0.28681629583292984 1.0000000180025095e-35 5.7142857028521385 85.118896119206042 19.148936141694374 66.666666511112382 22.364188968838395 68.467029034450562 0.13559322032750945 22.755932530446916 0.28268365815347501 17.986092127898296 0.57583059509283363 7.8947368275662706 34.224737535503102 -1.1805483998692397 9.9514052821499845 32.895546969631361 0.049597565974284115 1.0000000180025095e-35
decision_type=2 2 2 2 2 2 2 2 2 2 2 2 2 2 2 2 2 2 2 2 2 2 2 2 2 2 2 2 2 2
left_child=1 12 4 17 5 14 7 -5 9 11 15 22 -1 19 24 -11 -9 25 -4 -10 -21 -6 23 -8 -3 27 -27 28 -2 -13
right_child=3 2 18 6 21 -7 8 16 13 10 -12 29 -14 -15 -16 -17 -18 -19 -20 20 -22 -23 -24 -25 -26 26 -28 -29 -30 -31
leaf_value=-0.011972375449357977 -0.0069691345079704306 -0.016181576470490611 -0.0080587928365612842 0.00073766745772960195 -0.016155127680196866 -0.0063966901017149889 -0.014662666229668615 0.0062882044478800329 0.015034931676787018 -0.00052801324069287571 0.010132369792613005 -0.0022306312790327282 0.0054476192239792821 0.025438163568117074 0.0054229542177121606 0.010035763134118622 -0.026552909477386821 0.017066898640974274 0.033662363396585321 0.0010502680062656848 0.011195741637497283 -0.0072604703547038121 -0.010675826788609835 0.0031252733215048358 0.009057333268720184 -0.01258994122365726 0.0041249976371492128 -0.0072913760289856243 0.018586135766739353 0.001599552416298302
leaf_weight=32.018610551953316 10.458087623119352 32.437960743904114 5.3552437871694591 230.1423873603344 119.45827324688435 560.40457597374916 20.80352321267128 7.9642007052898398 88.487208783626556 305.97438982129097 255.56749854981899 1526.7931087762117 271.49693316221237 25.280030533671379 220.01112154126167 89.211246266961098 60.573375552892685 47.686359077692032 15.465694680809973 204.32165510952473 137.31433175504208 281.26289181411266 36.379206299781799 1106.1710369288921 13.14018042385578 24.122105300426483 1161.2351197004318 14.535603389143942 71.061418697237968 530.13033677637577
leaf_count=126 41 128 21 898 472 2198 82 31 342 1195 991 5970 1056 97 856 346 241 184 59 797 532 1104 143 4309 51 95 4521 57 274 2067
internal_value=0.00094758 -0.00335021 -0.00504355 0.00206714 -0.00551837 -0.00338684 0.0012683 -0.00464896 0.00167681 0.00091169 0.00510677 6.39487e-05 0.00360994 0.00818045 0.00296408 0.00185671 -0.0227367 0.004847 0.0229315 0.00716615 0.00512806 -0.00991204 0.00237561 0.00279691 -0.0089052 0.00439225 0.00378485 0.0118879 0.0153077 -0.00124348
internal_weight=7505.26 1551.05 1247.54 5954.21 1226.72 825.994 4625.11 298.68 4326.43 3871.03 650.753 3220.28 303.516 455.403 265.589 395.186 68.5376 1329.1 20.8209 430.123 341.636 400.721 1163.35 1126.97 45.5781 1281.41 1185.36 96.0551 81.5195 2056.92
internal_count=29284 6071 4889 23213 4809 3233 18041 1170 16871 15103 2532 12571 1182 1768 1035 1541 272 5172 80 1671 1329 1576 4534 4391 179 4988 4616 372 315 8037
is_linear=0
shrinkage=0.02


Tree=3
num_leaves=31
num_cat=0
split_feature=6 2 7 8 7 8 3 3 3 4 4 1 2 4 4 6 7 7 4 8 8 4 2 3 1 8 8 2 4 3
split_gain=116.255 88.041 77.5547 51.9404 34.0061 47.2823 35.9458 27.5904 23.2157 17.7667 17.7407 16.4393 24.0985 16.235 16.2259 15.3765 15.1103 14.9932 22.726 13.9905 13.7897 12.5915 12.5109 11.9048 12.7389 11.847 11.8697 11.56 11.497 11.8143
threshold=3.9231138820574292 1.1101976423883995 -1.0000000180025095e-35 81.081080966035103 1.0000000180025095e-35 25.581395307193201 0.36199425330973661 0.34399999997936553 0.34693877549987773 -0.53245439787668292 -0.42079314294548026 20.661480671124824 0.54646883668861623 0.38028260952338017 -0.92495083075025775 2.546625921043479 3.9748510060935591 -1.2752081380788238 -0.26656760519539419 5.7142857028521385 9.090909076447689 3.0824334465767094 2.7233535521609911 0.24154193263793092 19.565158960330717 50.427350397180788 36.734693825073222 1.9396999906661008 0.26871447134153797 0.5238095237429764
decision_type=2 2 2 2 2 2 2 2 2 2 2 2 2 2 2 2 2 2 2 2 2 2 2 2 2 2 2 2 2 2
left_child=1 8 3 10 7 -6 16 9 11 23 -3 -1 -13 20 -8 -11 -7 19 -19 -12 -9 28 -5 -4 -25 26 -18 -2 -20 -30
right_child=27 2 4 22 5 6 14 13 -10 15 17 12 -14 -15 -16 -17 25 18 21 -21 -22 -23 -24 24 -26 -27 -28 -29 29 -31
leaf_value=0.016560704908421018 -0.0091713055361940816 -0.0014467679059419955 0.0040653706741765145 -0.014079664745628911 -0.0081723997936018304 0.0077950087447963912 0.013651188676957599 0.027221910573816538 0.022072925578270227 -0.0008853100309531818 -0.013542339010887796 0.017381460216029893 0.0029673305728319579 0.010839780703237155 -7.6659521407532763e-05 -0.026998758797784961 0.00061459009654907335 -0.013260719747382403 -0.0060039593794322371 -0.0010381028612667677 0.0024807794199149351 -0.020845215343981333 0.01260207993720496 0.0089918558169899306 -0.0051965267983526166 0.015253914349777402 -0.022560934209503853 -0.031380702850174851 0.0006398652852288234 0.030550649308827758
leaf_weight=75.136748030781746 11.680410504341124 511.52669690549374 536.29856038093567 7.6129242181777945 116.65748953819275 963.09733659029007 36.973544433712959 9.1343360841274244 56.449015781283379 2381.3339462131262 41.099980235099792 58.847347140312195 219.25648522377014 118.48648472130299 502.59459522366524 9.0539279431104642 20.753454610705376 211.85212796926498 264.08954012393951 277.11194838583469 667.70854067802429 18.937846258282661 91.715937197208405 31.953296154737473 121.78522261977196 10.089066192507742 15.398738414049147 47.483675450086594 65.294502735137939 5.7471216470003119
leaf_count=290 46 2000 2088 30 458 3739 143 35 217 9303 162 227 854 459 1962 36 81 835 1036 1083 2602 75 355 124 477 39 61 190 255 22
internal_value=0.000928629 0.00115051 0.000625746 -0.00341675 0.00171637 0.00410637 0.00503116 0.000689287 0.0101632 -0.000168143 -0.00441126 0.00826003 0.00601739 0.00401024 0.000864032 -0.000984218 0.00725881 -0.00612641 -0.00807939 -0.00265314 0.00281467 -0.00497922 0.0105571 0.00265886 -0.00224759 -0.003909 -0.00925684 -0.026996 -0.00408265 0.00305959
internal_weight=7505.16 7446 7036.31 1494.99 5541.32 1665.56 1548.91 3875.75 409.69 3080.42 1395.66 353.241 278.104 795.329 539.568 2390.39 1009.34 884.133 565.921 318.212 676.843 354.069 99.3289 690.037 153.739 46.2413 36.1522 59.1641 335.131 71.0416
internal_count=29284 29048 27460 5853 21607 6483 6025 15124 1588 12028 5468 1371 1081 3096 2105 9339 3920 3468 2223 1245 2637 1388 385 2689 601 181 142 236 1313 277
is_linear=0
shrinkage=0.02


Tree=4
num_leaves=31
num_cat=0
split_feature=6 2 7 0 7 7 9 4 9 7 3 0 3 4 0 3 5 0 4 4 0 0 6 6 4 0 0 3 7 7
split_gain=111.854 84.5477 74.4892 39.4425 33.7928 32.6567 28.959 33.7424 28.7757 28.048 27.1749 26.5443 20.4905 22.5173 18.4473 18.1764 16.457 16.1396 15.2412 19.0311 15.0558 14.8363 18.6305 13.3588 12.2003 12.1815 12.1687 21.992 12.0409 15.1618
threshold=3.9231138820574292 1.1101976423883995 -1.0000000180025095e-35 71.036359089134521 -2.1254062338691706 1.0000000180025095e-35 1.5000000000000002 -0.4171760471944595 1.0000000180025095e-35 1.4599377667307183 0.36199425330973661 75.337309006351248 0.40560844776188887 -1.1805483998692397 9.9514052821499845 0.34693877549987773 0.87500000015633894 14.715990217666215 0.26871447134153797 -0.50344720305488078 72.380601384900118 75.337309006351248 0.74552383075492612 0.68543818991482841 -0.92495083075025775 43.490200469162218 24.282038754562915 0.19745222928994152 -1.4361960488353132 -0.015968240366646565
decision_type=2 2 2 2 2 2 2 2 2 2 2 2 2 2 2 2 2 2 2 2 2 2 2 2 2 2 2 2 2 2
left_child=1 11 3 4 25 8 7 16 -4 10 20 15 13 -10 -15 28 23 -8 19 -19 -7 -16 -23 26 -12 -3 27 -6 -1 -30
right_child=-2 2 5 -5 6 9 17 -9 12 -11 24 -13 -14 14 21 -17 -18 18 -20 -21 -22 22 -24 -25 -26 -27 -28 -29 29 -31
leaf_value=0.021786612809511836 -0.026507295779087277 0.0044929681216298138 0.0030154849805306516 0.02059115630965188 0.0031513233321307718 0.0083559293075365967 -0.018438947585929823 -0.0058437801412933432 0.014165054092952807 0.00027363943007667561 0.01542152398625053 0.022393470094473261 0.0043583250448179962 -0.01514732277750448 -0.0014587988288008607 0.019751519402926875 0.021802839989467894 -0.0035187024884976241 0.0057205357410159263 -0.013741820554613704 -0.015036806146262719 0.020887665276583634 -0.021585785491402689 0.011648401362104989 0.00047825281927368207 -0.0081312411551547076 0.003747786840787855 -0.016777805545241862 -0.017224503505551991 0.0060689165143466388
leaf_weight=18.463718801736832 59.051093891263008 223.55885124206543 1362.914244145155 27.030143141746521 47.479406431317329 741.51285061240196 68.908339872956276 552.88697576522827 37.256074503064156 539.35527887940407 23.308530166745186 58.816341161727905 294.99869900941849 38.999872520565987 2113.6912421137094 44.944440007209778 17.161460250616074 131.71383145451546 30.31565098464489 162.9483371078968 11.171128138899801 22.874803334474567 5.0413560867309561 43.110930740833282 350.29763785004616 35.417748272418976 112.72270977497101 41.515028953552246 11.649563968181608 275.84255714714527
leaf_count=71 236 870 5309 104 185 2877 273 2169 144 2105 90 226 1148 154 8261 173 66 516 118 643 44 88 20 167 1367 139 439 164 46 1072
internal_value=0.000910069 0.00112751 0.000613233 -0.00334892 -0.00378981 0.001682 -0.00519448 -0.00304225 0.000675495 0.00402404 0.00582002 0.0099593 -0.000593658 -0.00125232 -0.00151573 0.00787514 0.00286994 -0.00964706 -0.00778283 -0.00917209 0.00800874 -0.00126749 0.0132174 0.00154282 0.00141053 0.00276648 -0.00061694 -0.00614542 0.00613052 0.00512504
internal_weight=7504.96 7445.91 7036.19 1494.77 1467.74 5541.42 1208.76 814.877 3875.78 1665.65 1126.29 409.717 2512.86 2217.86 2180.61 350.9 261.99 393.886 324.978 294.662 752.684 2141.61 27.9162 244.828 373.606 258.977 201.717 88.9944 305.956 287.492
internal_count=29284 29048 27460 5853 5749 21607 4740 3190 15124 6483 4378 1588 9815 8667 8523 1362 1021 1550 1277 1159 2921 8369 108 955 1457 1009 788 349 1189 1118
is_linear=0
shrinkage=0.02


Tree=5
num_leaves=31
num_cat=0
split_feature=2 2 8 2 9 0 0 5 9 8 3 8 2 3 4 0 3 4 4 8 4 1 3 0 3 5 5 3 4 3
split_gain=73.8061 69.2174 52.4234 47.0966 36.2762 36.0688 32.5873 32.2893 24.5396 23.3237 20.2856 22.7553 19.5404 19.3616 22.9143 19.2884 16.0802 15.9183 15.56 15.0434 14.1572 14.0859 13.1331 13.0617 16.8912 13.276 12.4647 12.4314 12.3112 21.2377
threshold=1.1101976423883995 6.0789153911100833 30.952380913690742 3.5570335660293071 1.0000000180025095e-35 9.9514052821499845 71.036359089134521 0.95238095240367471 1.5000000000000002 81.081080966035103 0.59946524060511741 59.033490757363857 3.2540687476920565 0.44785276070871055 -0.41443232375852229 79.00681332848022 0.34962192277231524 -0.11445883176858719 -0.97261781378243595 58.730158664904778 -0.97261781378243595 16.581534465803248 0.041916167662159082 35.560357883848148 0.33701657457786544 0.10000000090002283 0.31250000042975418 0.17647058822759579 0.71993293223594212 0.291139240490982
decision_type=2 2 2 2 2 2 2 2 2 2 2 2 2 2 2 2 2 2 2 2 2 2 2 2 2 2 2 2 2 2
left_child=6 2 3 15 7 27 16 10 13 18 11 19 -13 -5 -15 20 21 -12 -7 -4 -2 -1 -10 -14 25 -25 -16 -6 -20 -30
right_child=1 -3 4 8 5 9 -8 -9 22 -11 17 12 23 14 26 -17 -18 -19 28 -21 -22 -23 -24 24 -26 -27 -28 -29 29 -31
leaf_value=0.014751741655479845 0.01529003863849699 -0.030275084082765961 0.0021536064930504175 -0.0056593811497132286 -0.021818187572054667 0.0060680407964260477 0.02041571266174386 -0.026236941472695209 0.0023717181700350933 0.0050706629226096624 -0.014375861392463747 0.0023781670318278646 0.010325016226718832 0.023552380283616219 -0.012433762652107857 0.021806662287509208 0.018010183495303207 0.009171701253182802 -0.00094560406851441296 -0.024440392900506459 -6.7924896539722218e-05 0.0027319683170291438 -0.014091062097527918 -0.010713280255635102 -0.0015198855782910861 0.012350605808385481 0.005788692892863336 -0.002681032725035747 -0.00071082575514255049 0.011085701201667738
leaf_weight=46.338923424482346 25.101292118430138 29.374383211135864 1086.7255209088326 498.27049125730991 39.571563199162483 149.9558320492506 81.090638637542725 14.611795529723166 21.757373064756393 374.51827889680862 42.635658800601959 351.82722769677639 414.90815341472626 19.77313344180584 24.106799617409706 17.682801395654678 40.998462319374084 15.716192856431006 2662.8472067564726 8.5753845870494825 551.58515377342701 246.21131663024426 177.61659251153469 11.183243095874785 103.92564196884632 93.020712837576866 39.812974601984024 20.669843703508377 167.62796871364117 96.01137313246727
leaf_count=179 97 118 4236 1954 157 583 312 58 85 1457 168 1371 1608 76 95 68 158 61 10404 34 2154 959 701 44 406 360 155 81 655 372
internal_value=0.0008437 0.000362031 0.000490045 -0.00301135 0.00134194 9.03957e-05 0.00904433 0.00339241 -0.00623889 0.000358217 0.00359581 0.00392361 0.00614622 -0.0041643 0.00473674 0.00123145 0.00627978 -0.00803368 -0.000215464 0.0019454 0.000600557 0.00463586 -0.0122945 0.00827403 0.00418536 0.00987537 -0.00108375 -0.0152519 -0.000537436 0.0035852
internal_weight=7474.05 7059.41 7030.04 1375.71 5654.33 3511.2 414.639 2143.13 781.337 3450.96 2128.52 2070.17 974.865 581.963 83.6929 594.369 333.549 58.3519 3076.44 1095.3 576.686 292.55 199.374 623.038 208.13 104.204 63.9198 60.2414 2926.49 263.639
internal_count=29166 27558 27440 5385 22055 13709 1608 8346 3066 13471 8288 8059 3789 2280 326 2319 1296 229 12014 4270 2251 1138 786 2418 810 404 250 238 11431 1027
is_linear=0
shrinkage=0.02


Tree=6
num_leaves=31
num_cat=0
split_feature=6 0 7 8 7 8 9 4 1 9 0 5 7 0 4 6 7 6 5 4 0 4 5 4 9 0 6 0 0 5
split_gain=109.012 65.2388 56.232 36.2805 30.5968 47.5815 27.0142 24.4333 23.7577 21.0024 23.2098 18.2798 16.5502 16.2997 14.9789 14.3672 13.972 13.9014 15.7328 13.6933 15.105 13.1636 12.8671 11.7524 13.4939 21.9964 13.8073 13.4551 11.7645 11.1807
threshold=3.9231138820574292 62.797573580536415 1.0000000180025095e-35 21.428571321432056 -1.0000000180025095e-35 62.857142731430713 1.5000000000000002 -0.4171760471944595 51.703262212158677 1.0000000180025095e-35 9.9514052821499845 0.088562091738621299 1.4333229566148022 15.800218688975706 -0.92495083075025775 0.067858063303443059 -1.0529380450283268 0.87704229081591645 0.50000000125014221 -0.31757853354579851 27.290739880925567 -1.3160258083094898 0.88888888895046303 -0.014155385928082128 1.0000000180025095e-35 36.315511349526723 0.11501238345469551 19.162353175802096 26.528019958920364 0.96296296297662753
decision_type=2 2 2 2 2 2 2 2 2 2 2 2 2 2 2 2 2 2 2 2 2 2 2 2 2 2 2 2 2 2
left_child=1 2 4 -4 5 6 7 15 17 29 -11 -10 14 -8 -5 -1 -7 18 -3 22 -21 -12 -9 24 25 27 -26 -16 -28 -6
right_child=-2 8 3 12 9 16 13 19 11 10 21 -13 -14 -15 23 -17 -18 -19 -20 20 -22 -23 -24 -25 26 -27 28 -29 -30 -31
leaf_value=0.031410466403067598 -0.026411049677612132 0.017974850141384582 -0.0080112390281254758 0.015485424689595895 0.0026830208177611005 0.0089313487042325512 -0.016670667585477538 -0.012132908017714047 -0.011251807252627229 -0.015088832694165871 0.017038052226029287 0.0057412360109382419 0.0014477352045819568 -0.0065946615826942157 0.0018942225504282237 0.0019698615894283384 -0.0032528404554143342 -0.013116257558249841 0.0074516632599993769 0.00097462373986837022 -0.0062866522617269884 -0.00043153662087874907 0.019354302746503259 0.0098951767358236627 -0.0082935816180872163 0.00048003708156940433 0.0064608358652607362 0.013607446226317953 -0.0004863768256817027 -0.02348816180504007
leaf_weight=6.8040321618318549 58.315780997276306 133.57108519971371 96.996173933148384 62.690019518136978 1305.9076753109694 156.99916738271713 79.236716911196709 112.40078616142273 28.719447121024132 43.241903573274612 17.373492792248726 214.01683369278908 458.86284993588924 338.83372463285923 50.574679732322693 259.77856566011906 49.521347805857658 8.1249602138996107 98.91229335963726 207.07376696169376 256.58106398582458 2492.6265282332897 5.4426338523626319 187.82405552268028 46.654663994908333 123.56355760991573 208.77193102240562 174.84466937184334 182.93750548362732 6.562330335378646
leaf_count=26 234 515 381 242 5087 609 314 443 113 171 67 832 1789 1331 197 1013 194 32 384 809 1007 9735 21 728 183 482 811 676 714 26
internal_value=0.000826849 0.00104105 0.000545703 0.00384247 -0.000438514 -0.00289167 -0.00434356 -0.00229245 0.0081453 0.000496033 -0.000560902 0.0037307 0.00461066 -0.00850436 0.00600906 0.00272128 0.00600971 0.0125989 0.0134977 -0.00459095 -0.00304368 -0.000310617 -0.0106787 0.00539986 0.00432749 0.00726197 0.00199134 0.0109795 0.00321632 0.00255217
internal_weight=7473.76 7415.45 6932.1 1593.72 5338.38 1472.67 1266.15 848.081 483.345 3865.71 2553.24 242.736 1496.72 418.07 1037.86 266.583 206.521 240.608 232.483 581.498 463.655 2510 117.843 975.171 787.347 348.983 438.364 225.419 391.709 1312.47
internal_count=29166 28932 27056 6203 20853 5767 4964 3319 1876 15086 9973 945 5822 1645 4033 1039 803 931 899 2280 1816 9802 464 3791 3063 1355 1708 873 1525 5113
is_linear=0
shrinkage=0.02


Tree=7
num_leaves=31
num_cat=0
split_feature=6 2 9 0 0 4 5 0 4 9 0 2 3 1 3 4 3 3 3 5 6 2 2 4 4 3 3 5 0 4
split_gain=104.964 71.3113 32.5579 34.8181 29.5534 27.7024 27.125 20.5957 17.4659 16.9855 16.5861 16.5091 16.122 12.7197 12.546 11.577 10.4029 10.3757 11.2689 11.8555 10.2729 9.41379 9.33894 12.024 9.31111 17.1411 16.6485 13.4434 13.092 18.458
threshold=3.9231138820574292 1.1101976423883995 1.0000000180025095e-35 9.9514052821499845 71.036359089134521 -0.97261781378243595 0.95238095240367471 71.036359089134521 0.16665215735766278 1.5000000000000002 16.240055082582916 2.9725055299395264 0.34962192277231524 16.581534465803248 0.17647058822759579 -0.52382413856198917 0.014705882351845357 0.13924050631588983 0.12317778060802441 0.83333333361126904 0.125475715838614 1.9396999906661008 3.3381396897036066 -1.1082662070122586 0.066937376920888678 0.62900252606129359 0.23529411763436525 0.2000000008000683 26.114367056670428 0.38028260952338017
decision_type=2 2 2 2 2 2 2 2 2 2 2 2 2 2 2 2 2 2 2 2 2 2 2 2 2 2 2 2 2 2
left_child=1 4 6 14 12 10 15 8 -7 20 22 -11 13 -1 -4 -3 -12 18 19 -10 -9 -2 -5 -24 25 -17 27 -26 29 -28
right_child=21 2 3 5 -6 7 -8 9 17 11 16 -13 -14 -15 -16 24 -18 -19 -20 -21 -22 -23 23 -25 26 -27 28 -29 -30 -31
leaf_value=0.014409986759005507 -0.0098534604103724475 0.0046617130744376588 -0.020703122119592368 0.0057968973726964549 0.019968982504011586 -0.0015256741910423446 -0.022273545716338182 0.0006076779215059714 0.0015205524842981941 0.0066959453218782931 -0.016439746998157832 -0.02739686078787925 0.018287485303103812 0.0029729851476152252 -0.0026503348480278873 0.0012351573088791746 0.011408871706069877 0.0034360563104339137 -0.015357736047622715 -0.012288549444786663 0.024172340483583982 -0.029974819208217686 -0.019402525150228191 0.010140375935769946 -0.0094905244940786671 -0.014238601504280203 0.0020754954142390113 0.0029084807155469283 0.0040753911276000549 0.020531897499440288
leaf_weight=46.339085638523102 11.623704999685286 686.60893094539642 45.800521284341812 26.495150491595268 80.780354663729668 3169.9767432659864 17.913692682981491 9.746749281883238 197.36126336455345 25.746212497353554 5.5750150680541983 7.2901551574468604 40.483142614364624 242.18443660438061 23.197568818926811 1561.9356232434511 142.76150196790695 521.16184163093567 21.54596109688282 28.453660875558853 30.734614789485931 46.53520043194294 19.207552850246433 7.727715626358985 47.084226623177528 29.170408934354782 34.636431813240051 136.03708401322365 151.28426533937454 57.918721944093704
leaf_count=179 46 2671 182 103 311 12393 71 38 770 100 22 29 156 943 91 6092 553 2030 85 112 118 188 76 30 185 115 135 530 589 223
internal_value=0.000810348 0.00102026 0.000545897 -0.000541206 0.0091296 -0.000310451 0.00225597 -0.000674111 -0.000869891 0.00981421 0.00692072 -0.000827335 0.00646823 0.00480986 -0.0146337 0.00241844 0.0103622 0.00183506 -0.00153805 -0.000219454 0.0184986 -0.0259533 -0.00263377 -0.0109267 0.0016552 0.00095147 0.00427772 -0.000279557 0.0077002 0.0136251
internal_weight=7473.32 7415.16 7005.37 4282.78 409.787 4213.78 2722.59 4012.02 3938.5 73.5177 201.767 33.0364 329.007 288.524 68.9981 2704.68 148.337 768.523 247.361 225.815 40.4814 58.1589 53.4304 26.9353 2018.07 1591.11 426.961 183.121 243.839 92.5552
internal_count=29166 28932 27343 16732 1589 16459 10611 15675 15390 285 784 129 1278 1122 273 10540 575 2997 967 882 156 234 209 106 7869 6207 1662 715 947 358
is_linear=0
shrinkage=0.02


Tree=8
num_leaves=31
num_cat=0
split_feature=2 2 7 8 3 0 9 0 7 8 9 0 7 0 0 4 8 3 9 8 3 7 1 1 2 4 4 0 0 3
split_gain=67.2681 62.278 55.0287 35.6285 31.3786 29.2673 27.0602 29.4521 20.7146 43.9833 20.6764 16.8846 16.4922 16.4134 18.4129 16.3446 20.4355 16.2134 15.3815 15.0342 14.7967 14.6175 14.2226 14.0853 13.9313 13.6034 13.4838 13.4561 19.6182 13.442
threshold=1.1101976423883995 6.0789153911100833 1.0000000180025095e-35 21.428571321432056 0.36397113573790824 71.036359089134521 1.0000000180025095e-35 9.9514052821499845 -1.0000000180025095e-35 81.081080966035103 1.5000000000000002 72.380601384900118 1.4333229566148022 59.255349195369142 38.28611991058721 -0.46538430799772196 59.999999870000444 0.40277777774980311 1.0000000180025095e-35 30.612244854229875 0.34962192277231524 -2.1899877858220402 65.514343379317168 16.581534465803248 3.197213573868313 -0.92495083075025775 -1.3160258083094898 37.985407615019682 48.884263546530271 0.12799488347923413
decision_type=2 2 2 2 2 2 2 2 2 2 2 2 2 2 2 2 2 2 2 2 2 2 2 2 2 2 2 2 2 2
left_child=5 2 6 -4 11 20 15 -8 9 10 13 12 18 14 -9 -2 22 26 -5 -16 21 -1 -17 -23 -13 -6 29 -19 -29 -10
right_child=1 -3 3 4 25 -7 7 8 17 -11 -12 24 -14 -15 19 16 -18 27 -20 -21 -22 23 -24 -25 -26 -27 -28 28 -30 -31
leaf_value=0.026047211251878678 0.0039684033330961016 -0.0288653578067447 -0.0080170021531824724 0.011880319767404689 0.012352196894475975 0.019410782948034559 -0.015446296926434927 -0.00019939322464059366 -0.0019405572845655442 0.01347508533536125 -0.0082425212657366593 0.0028016453966652039 0.002674838952010422 0.02143032802949902 -0.023897436293832341 0.0013241923676503644 0.0042314597340388496 0.0065272520920012494 0.0059439261938999148 -0.0032192430653947956 0.017264803765906698 0.014042927861314215 -0.0034040300231796446 0.0015994916208303476 -0.033639495259022205 -0.00044071768990593135 -0.001209345745675052 -0.0110901526675409 0.0071285775318388998 0.034665505766562611
leaf_weight=11.99882088601589 633.87993508577347 29.096695557236671 98.222240909934044 296.96212631464005 35.676702633500099 80.96984176337719 60.515489593148232 259.6378605812788 7.6850611865520504 53.010601967573166 431.89919488132 9.4950094521045703 280.58028867840767 11.945559576153753 26.186859995126724 453.36434149742126 355.13035668432713 218.22165921330452 423.66358260810375 30.380939573049545 40.958164379000664 42.96766696870327 580.06695671379566 237.58362513780594 7.5195694416761389 488.46305300295353 2163.5933703482151 50.112243950366974 44.757713988423347 8.3964722007513029
leaf_count=46 2467 118 386 1149 138 312 240 1015 30 205 1700 37 1093 46 104 1768 1382 848 1646 119 158 166 2271 926 30 1907 8456 197 174 32
internal_value=0.000794171 0.000334355 0.000455222 0.00366233 0.0044061 0.00862473 -0.000521162 -0.00161968 -0.00136658 -0.00413867 -0.00536716 0.00645281 0.00678855 -0.00158273 -0.00245211 0.00130732 9.2539e-05 -0.000462411 0.00839025 -0.0127918 0.00600607 0.00442981 -0.00132977 0.00350526 -0.0133035 0.00043006 -0.00107373 0.00379344 -0.00249493 0.0171722
internal_weight=7472.94 7058.46 7029.37 1640.58 1542.36 414.478 5388.78 3366.34 3305.83 813.061 760.05 1018.22 1001.21 328.151 316.206 2022.44 1388.56 2492.77 720.626 56.5678 333.508 292.55 1033.43 280.551 17.0146 524.14 2179.67 313.092 94.87 16.0815
internal_count=29166 27558 27440 6386 6000 1608 21054 13166 12926 3189 2984 3955 3888 1284 1238 7888 5421 9737 2795 223 1296 1138 4039 1092 67 2045 8518 1219 371 62
is_linear=0
shrinkage=0.02


Tree=9
num_leaves=31
num_cat=0
split_feature=6 2 7 8 3 0 0 6 7 8 9 9 0 3 3 0 3 3 0 7 9 2 2 2 7 1 0 7 3 8
split_gain=99.0516 65.8782 52.682 32.9793 30.8627 27.3385 27.2078 35.4187 28.8815 42.4788 33.3086 20.7534 20.5278 20.0941 17.5015 16.4436 15.2562 14.9216 14.8301 15.8448 14.732 13.6981 13.4802 12.8997 12.8863 12.7381 12.1378 13.5319 13.4299 11.9126
threshold=3.9231138820574292 1.1101976423883995 1.0000000180025095e-35 21.428571321432056 0.36397113573790824 71.036359089134521 72.380601384900118 1.2204014569326402 -1.0000000180025095e-35 81.081080966035103 1.5000000000000002 1.0000000180025095e-35 43.859820443887848 0.40277777774980311 0.14731112244772607 9.9514052821499845 0.4999999999666685 0.34962192277231524 72.380601384900118 1.4333229566148022 1.0000000180025095e-35 3.197213573868313 4.8552583691346518 4.3216361296386161 -2.1899877858220402 16.581534465803248 16.986256949248432 -0.53895037548807057 0.30943164720322364 50.427350397180788
decision_type=2 2 2 2 2 2 2 2 2 2 2 2 2 2 2 2 2 2 2 2 2 2 2 2 2 2 2 2 2 2
left_child=1 5 6 -4 18 17 8 14 9 10 16 -10 -11 15 -8 -13 22 24 19 20 -5 -20 -3 -18 -1 -26 27 -12 -28 -21
right_child=-2 2 3 4 -6 -7 7 -9 11 12 26 13 -14 -15 -16 -17 23 -19 21 29 -22 -23 -24 -25 25 -27 28 -29 -30 -31
leaf_value=0.025157316780963734 -0.025287414840335493 -0.0021961263176342887 -0.0075864924271509893 0.011708843036214882 0.00043835649116770166 0.019213185913814358 0.0026459486075262433 -0.026020198924344876 0.0023282269565949023 0.012764395513654166 -0.0083806706944881421 -0.013803656255641086 -0.016952553393747818 0.004036389999780004 0.018954471647883636 -0.0012203719700922863 0.01168376608603678 0.01759790158003121 0.0037626451801932182 -0.0037370909472762281 0.0058971015935636549 -0.032929685727130377 -0.020932145149267254 -0.0083275920460729735 0.013764522873645085 0.0019156672378370133 -0.0037602697783721255 -0.022818816787769872 -0.012295469378233037 0.005338466444111214
leaf_weight=11.729585513472555 57.863500744104385 844.49509662389755 97.960365727543831 296.96507523953915 523.88590158522129 80.64913734793663 44.162625223398209 10.542106062173842 1297.3374645113945 88.435053884983063 63.08208954334259 42.364963963627815 10.390585184097288 302.44512379169464 65.152676686644554 2133.6406954824924 55.442111700773239 40.434663161635399 9.2494590878486651 81.761986330151558 422.93788044154644 7.2674637585878363 15.644905745983122 16.786322206258774 42.960077509284019 233.8257148116827 222.72025665640831 44.129667729139328 110.24008297920227 197.82906228303909
leaf_count=45 234 3305 385 1149 2044 311 172 42 5054 342 249 168 41 1177 251 8339 215 156 36 320 1643 29 62 66 166 911 874 176 435 769
internal_value=0.000778344 0.000981765 0.000525896 0.0036656 0.00438141 0.00877793 -0.000432253 0.00898967 -0.000647472 -0.00302443 -0.00393629 0.000278791 0.00963994 -0.00079398 0.0123659 -0.00146536 -0.00179555 0.00621951 0.00641456 0.00672518 0.00829449 -0.012382 -0.00253691 0.00703301 0.00462486 0.00375473 -0.00847078 -0.0143236 -0.0065862 0.00268446
internal_weight=7472.33 7414.47 7004.87 1637.86 1539.9 409.599 5367.01 119.857 5247.15 1471.37 1372.54 3775.79 98.8256 2478.45 109.315 2176.01 932.368 328.95 1016.01 999.494 719.903 16.5169 860.14 72.2284 288.515 276.786 440.172 107.212 332.96 279.591
internal_count=29166 28932 27343 6375 5990 1589 20968 465 20503 5765 5382 14738 383 9684 423 8507 3648 1278 3946 3881 2792 65 3367 281 1122 1077 1734 425 1309 1089
is_linear=0
shrinkage=0.02


Tree=10
num_leaves=31
num_cat=0
split_feature=2 2 7 9 4 4 8 0 0 0 7 3 3 8 4 7 7 0 4 0 3 1 4 0 4 0 3 2 9 3
split_gain=67.4619 58.0201 54.9742 37.442 29.0043 25.0256 25.0531 21.5828 18.0805 17.8526 17.0414 29.5852 25.1103 31.8167 18.853 18.5186 16.7897 15.5887 17.3141 15.5511 18.6129 13.3746 13.2936 16.6156 12.8112 12.5248 11.9045 11.8238 11.6012 11.3571
threshold=1.1473445783924086 6.0789153911100833 -0.015968240366646565 1.5000000000000002 -0.54139363188466294 -0.44809731540408754 81.081080966035103 18.978064856706002 53.991424714715535 15.089469742404278 1.0000000180025095e-35 0.34399999997936553 0.36397113573790824 51.105677760817834 -0.40462241158240159 0.9692040558441023 -1.1670599095020859 55.350746363825237 0.38028260952338017 69.697645220323821 0.13559322032750945 87.416684406173815 -0.30342622620466791 24.418942787493993 -1.3160258083094898 36.068176410107959 0.051020408160662466 3.0861444992421867 1.5000000000000002 0.17810992179751231
decision_type=2 2 2 2 2 2 2 2 2 2 2 2 2 2 2 2 2 2 2 2 2 2 2 2 2 2 2 2 2 2
left_child=8 2 3 5 24 7 19 -2 16 27 11 28 13 15 -15 -12 -1 18 -13 22 -21 -19 -7 -24 25 26 -4 -5 -6 -10
right_child=1 -3 4 9 10 6 -8 -9 29 -11 12 17 -14 14 -16 -17 -18 21 -20 20 -22 -23 23 -25 -26 -27 -28 -29 -30 -31
leaf_value=0.023346892557402042 -0.0057155013820377621 -0.027896819586811672 -0.0067643635172979708 0.002376201762379689 -0.00013390318455623214 -0.0088631777203128023 0.0095023766687987194 0.0074028747592999157 0.0091432239522583839 -0.0057197547255115177 0.0051508554046323842 0.00097992176607090151 -0.001310132528363318 1.8498342234498429e-05 0.0090984420382214676 -0.0053947825734588697 0.003815368053425089 0.017566115532061121 0.0098227273995808839 -0.014754463411355554 0.032314467001545853 -0.0020848662022988742 0.0025087442226459028 -0.0052395507193102944 0.0038760667490017084 -0.013546336259654292 0.022944909745714309 -0.019393817643030969 -0.0031676018969345916 0.019331743639972605
leaf_weight=18.990477412939072 65.062676161527634 28.615043058991432 6.3821437805891028 11.71818871796131 1692.2611794471741 176.93647938966751 62.693278446793556 219.09962187707424 102.30830019712448 383.11061741411686 115.26246629655361 460.74971957504749 413.67504939436913 113.60261760652065 469.46964047849178 157.79183842241764 241.26261581480503 53.950811132788658 109.64512005448341 5.0761971473693839 9.9427848905324918 18.640519142150879 172.95265753567219 307.58318388462067 1166.629734441638 5.5919852405786505 34.87695024907589 67.250123426318169 718.21307498216629 76.47524955868721
leaf_count=73 255 117 25 46 6608 696 243 851 397 1506 448 1797 1616 443 1820 619 939 208 425 20 38 73 675 1207 4541 22 134 268 2812 295
internal_value=0.000998031 0.000524123 0.000640003 -0.00278203 0.00155561 -0.000641281 -0.00258954 0.00439925 0.00860453 -0.00750454 0.000788702 -2.10438e-05 0.00273588 0.00469089 0.00732936 -0.000943228 0.00524057 0.00379068 0.00267975 -0.00371681 0.0164059 0.01252 -0.00417648 -0.00245081 0.00428788 0.0145424 0.0183493 -0.0161633 -0.00103781 0.0135014
internal_weight=7485.82 7046.78 7018.17 1481.43 5536.74 1019.35 735.185 284.162 439.037 462.079 4323.26 3053.46 1269.8 856.127 583.072 273.054 260.253 642.986 570.395 672.491 15.019 72.5913 657.472 480.536 1213.48 46.8511 41.2591 78.9683 2410.47 178.784
internal_count=29217 27513 27396 5805 21591 3985 2879 1106 1704 1820 16869 11923 4946 3330 2263 1067 1012 2503 2222 2636 58 281 2578 1882 4722 181 159 314 9420 692
is_linear=0
shrinkage=0.02


Tree=11
num_leaves=31
num_cat=0
split_feature=6 2 7 9 7 3 8 3 5 8 7 9 3 5 8 8 7 5 8 6 5 2 2 9 9 3 3 5 7 7
split_gain=92.3749 65.8186 55.5307 35.9197 21.1944 27.0147 26.0996 35.6394 20.4565 18.4631 17.624 16.5808 15.5938 14.8128 14.6497 14.5498 14.4161 13.582 14.5833 13.2572 12.6052 12.4164 11.6399 11.5769 19.1149 13.794 10.9922 12.7578 10.1518 15.668
threshold=2.546625921043479 0.99331961095984733 -0.015968240366646565 1.5000000000000002 1.0000000180025095e-35 0.34399999997936553 25.581395307193201 0.36397113573790824 0.94444444447547726 81.081080966035103 -1.2424229549674235 1.0000000180025095e-35 0.0040160642568677794 0.95238095240367471 5.7142857028521385 43.478260825457703 2.5509954584526899 0.56250000013668111 51.903565525028938 0.89561527607264046 0.051194688462425635 4.2105144955111635 3.7574145946606703 1.0000000180025095e-35 1.5000000000000002 0.33701657457786544 0.4999999999666685 0.40000000089986365 -1.3550737292952133 -1.0000000180025095e-35
decision_type=2 2 2 2 2 2 2 2 2 2 2 2 2 2 2 2 2 2 2 2 2 2 2 2 2 2 2 2 2 2
left_child=1 28 3 9 5 11 -6 8 16 12 15 13 -3 19 -14 -5 23 -13 22 -4 -2 -9 -19 -8 -25 -26 -16 -28 -1 -30
right_child=20 2 4 10 6 -7 7 21 -10 -11 -12 17 14 -15 26 -17 -18 18 -20 -21 -22 -23 -24 24 25 -27 27 -29 29 -31
leaf_value=0.023101859052638698 -0.02445348145411929 -0.027416884181248435 0.0032308440367579782 -0.0063723228601921594 -0.0056407370544798554 0.0042250732648662628 0.010332688887220389 -0.0015652105573510436 -0.01902600938786966 0.0089233342651057028 -0.01016148348796512 0.00035348088033998172 -0.010131531460017924 -0.030594497395688688 -0.00098818868893987247 0.006194918922984155 -4.4867530859935281e-06 0.00018344350307755887 -0.0057614300026956038 -0.0028705709381091093 -0.0077898820624219978 0.0054625767227956942 -0.019116464979209834 0.0017773222733037458 0.0080696535026596253 0.024304217534289244 -0.00359491576936253 0.014865655227096781 -0.014393827604740672 0.01002449951335729
leaf_weight=22.357251152396202 61.192728325724602 9.0588647723197919 904.17472432553768 104.94785250723362 113.59081789851189 792.62729167938232 375.95409035682678 410.31667025387287 12.400477886199949 76.349206164479256 297.64854183793068 1246.2439198940992 66.005037665367126 5.5141380727291098 802.33562065660954 56.790833607316017 110.18552155792713 411.47127385437489 389.71361310780048 169.08436334133148 25.819845765829086 133.20320445299149 12.891339167952536 251.88165141642094 240.78252451121807 22.928308576345444 24.50217267870903 38.508242696523666 10.912336051464079 285.73246115446091
leaf_count=86 248 36 3520 413 446 3084 1456 1603 49 296 1176 4867 260 22 3138 221 430 1607 1528 661 102 518 51 981 934 88 96 149 43 1108
internal_value=0.000978154 0.00121911 0.000818657 -0.00263239 0.00172786 0.000925891 0.00361456 0.0042895 0.00650423 -0.000535329 -0.00727382 9.28412e-05 -0.00130325 0.00210162 -0.00104925 -0.00195962 0.00682027 -0.000958948 -0.0029681 0.00226961 -0.0195088 0.000157125 -0.000402851 0.00766374 0.00571762 0.00948117 -0.000356496 0.00768709 0.0101057 0.00912625
internal_weight=7485.12 7398.11 7079.11 1476.15 5602.96 3931.72 1671.24 1557.65 1014.13 1016.76 459.387 3139.09 940.41 1078.77 931.351 161.739 1001.73 2060.32 814.076 1073.26 87.0126 543.52 424.363 891.547 515.592 263.711 865.346 63.0104 319.002 296.645
internal_count=29217 28867 27630 5785 21845 15340 6505 6059 3938 3975 1810 12256 3679 4203 3643 634 3889 8053 3186 4181 350 2121 1658 3459 2003 1022 3383 245 1237 1151
is_linear=0
shrinkage=0.02


Tree=12
num_leaves=31
num_cat=0
split_feature=2 2 7 9 0 7 8 3 3 5 8 0 0 9 7 0 3 0 1 7 2 5 7 9 9 3 5 8 2 8
split_gain=62.6563 54.4176 50.6629 34.5771 23.3216 21.4143 26.7726 33.5435 26.1735 19.4226 18.8373 17.5935 17.1374 16.9942 15.7253 14.2004 14.1219 13.7573 13.4474 15.4896 13.4379 13.4401 13.3291 12.6493 19.3023 13.3406 12.5105 12.1837 12.1683 12.1642
threshold=1.1473445783924086 6.0789153911100833 -0.015968240366646565 1.5000000000000002 71.036359089134521 1.0000000180025095e-35 25.581395307193201 0.36397113573790824 0.34399999997936553 0.94444444447547726 63.157894504160801 85.118896119206042 15.089469742404278 1.0000000180025095e-35 2.5509954584526899 72.380601384900118 0.068349877058902206 63.654252290328564 24.909145035475195 -1.1670599095020859 4.2394388140754531 0.95238095240367471 -0.015968240366646565 1.0000000180025095e-35 1.5000000000000002 0.33701657457786544 0.86666666671100512 39.215686220685534 3.197213573868313 1.0000000180025095e-35
decision_type=2 2 2 2 2 2 2 2 2 2 2 2 2 2 2 2 2 2 2 2 2 2 2 2 2 2 2 2 2 2
left_child=11 2 3 4 10 8 -7 9 13 14 26 18 -5 20 15 23 -6 -10 -1 -20 21 -4 -21 27 -25 -26 -2 -8 -17 -15
right_child=1 -3 5 12 16 6 7 -9 17 -11 -12 -13 -14 29 -16 28 -18 -19 19 22 -22 -23 -24 24 25 -27 -28 -29 -30 -31
leaf_value=0.013267844070009392 -0.0029563312705060524 -0.027140946146392897 0.0023984671036613166 -0.015707798200405135 -0.010468579475984743 -0.0059478475247608954 -0.0064379722832531355 7.35820381070384e-05 0.0031753033830313085 -0.018652729889691171 0.0054325114407067143 0.024182231942503241 -0.0054651860489836803 0.029258307753251139 -0.00060101596898587645 0.0071959992150967293 0.02715573735982563 0.013302704757758551 0.023418526730027273 -0.016981594201467193 -0.013277823390966488 -0.02966555568186021 0.0048777003450659684 0.0017451582200549221 0.0081104332884695939 0.02401004245650195 0.0060617369396045243 0.011364781920391604 -0.029869697172655776 -0.0013140741927056044
leaf_weight=110.07330891489983 778.01745615899563 28.371275246143341 1025.108263656497 78.789132654666901 5.0878414660692242 114.52618518471718 16.084810927510262 545.27502420544624 735.07821670174599 12.395709216594694 150.71026588976383 26.203823536634445 382.8069529235363 5.2192683368921271 109.8626074641943 6.6987929791212064 18.499532878398895 57.877880558371544 17.409029766917229 11.632610410451887 22.831423074007034 5.2559166401624671 273.49598240852356 250.3377551138401 235.39244058728218 23.188215434551239 66.817514672875404 349.3318275809288 7.5197278410196304 2014.4807830154896
leaf_count=426 3048 117 3993 314 20 450 63 2128 2862 49 586 101 1506 20 429 26 71 224 67 46 90 21 1064 975 913 89 260 1352 30 7877
internal_value=0.000958676 0.000501991 0.000613754 -0.00267228 -0.000615431 0.0014926 0.00338473 0.0040716 0.000674929 0.0062283 -0.00108113 0.00829117 -0.00721348 -0.000161038 0.00653721 0.00741979 0.0190401 0.0039145 0.00728197 0.00510411 0.00189862 0.00223491 0.00398589 0.00774222 0.00570379 0.00953623 -0.0022431 0.0105811 -0.0124069 -0.00123507
internal_weight=7484.38 7045.56 7017.19 1480.73 1019.13 5536.46 1670.61 1556.09 3865.85 1010.81 995.545 438.815 461.596 3072.9 998.416 888.554 23.5874 792.956 412.611 302.538 1053.2 1030.36 285.129 874.335 508.918 258.581 844.835 365.417 14.2185 2019.7
internal_count=29217 27513 27396 5805 3985 21591 6504 6054 15087 3926 3894 1704 1820 12001 3877 3448 91 3086 1603 1177 4104 4014 1110 3392 1977 1002 3308 1415 56 7897
is_linear=0
shrinkage=0.02


Tree=13
num_leaves=31
num_cat=0
split_feature=6 0 7 0 4 8 0 4 3 6 4 4 0 7 3 0 1 7 3 7 8 6 1 4 0 3 3 7 1 4
split_gain=87.3195 59.5806 57.6147 26.7447 25.1206 23.5467 20.7778 24.6037 26.4036 18.0742 17.2372 17.4352 16.0727 15.5643 14.4633 13.6139 14.3338 13.0424 25.6394 24.703 16.4144 13.9438 12.463 11.9174 12.0994 11.5923 11.4483 11.4346 10.9484 14.1912
threshold=2.546625921043479 72.380601384900118 -0.015968240366646565 17.379322318928889 -0.54139363188466294 45.454545358125465 53.991424714715535 0.51205248691497995 0.17322834644987897 0.88658422073995224 -0.4171760471944595 -0.38496044305329308 37.16469178889237 -0.46938957874817783 0.1836293912699922 57.642077422974523 151.19415365722236 1.0000000180025095e-35 0.36969696967454307 2.5509954584526899 9.090909076447689 0.065279046367319418 12.336143795082615 -1.3160258083094898 36.068176410107959 0.69174279782946335 0.051020408160662466 0.080479914420038781 122.26879243184243 -0.99310502387882071
decision_type=2 2 2 2 2 2 2 2 2 2 2 2 2 2 2 2 2 2 2 2 2 2 2 2 2 2 2 2 2 2
left_child=1 2 3 13 23 10 7 17 -9 14 12 -12 -5 -1 -3 16 -2 -6 19 20 -19 -22 -8 24 26 -25 -4 -16 29 -7
right_child=15 9 4 5 6 28 22 8 -10 -11 11 -13 -14 -15 27 -17 -18 18 -20 -21 21 -23 -24 25 -26 -27 -28 -29 -30 -31
leaf_value=-0.0047671180493285394 0.016589442638220878 0.0074740460587381053 -0.0067090218782361608 -0.0021854557991857139 -0.00077871084491133074 0.025360065237574742 0.015154439104613584 -0.001154847846281409 0.008049891744872301 -0.010525847873371987 -0.01861873314113674 -0.0045005007264336512 0.008679026862165904 -0.015286430686103745 0.021334642575294809 -0.030593169028571104 -0.016811796521283617 -0.015563326030014861 -0.0030225941529830741 -0.0041508492711363233 -0.016422337919441699 0.0066733436123832769 0.0040521758852804651 0.0037589950283354523 -0.013432237964748269 0.032862744600752579 0.022426923834500269 0.0045444496963812329 0.0077286439006005094 -0.00037057410954356707
leaf_weight=146.82264107465744 5.6877825558185569 98.237737953662872 6.3819619566202155 213.72522899508476 2472.52820558846 8.844784662127493 45.025436609983444 198.81720170378685 334.15917451679707 13.965152993798254 37.55192793905735 512.58777903020382 73.094189822673798 91.215723261237144 85.321869760751724 27.676611572504044 53.282957777380943 14.153431907296179 295.29355944693089 122.98698528110981 10.655758336186407 558.65922930836678 397.50913824141026 1199.0241449326277 5.5918430984020224 5.4994466900825492 34.859414741396904 20.03392992913723 114.38012175261974 279.9376542121172
leaf_count=578 22 382 25 837 9659 34 174 777 1297 55 149 2013 284 362 329 113 215 56 1155 482 42 2169 1547 4667 22 21 134 78 444 1095
internal_value=0.000939607 0.00117343 0.000860961 -0.00265769 0.00177326 -0.00147905 0.00106924 0.000615075 0.00461623 0.0114847 -0.00339177 -0.0054642 0.000583292 -0.00879809 0.0129945 -0.0190212 -0.0135902 1.27235e-06 0.00192644 0.0039951 0.00571215 0.00624107 0.00518177 0.00427673 0.014175 0.00389187 0.0179182 0.0181419 0.00249172 0.0004175
internal_weight=7483.51 7396.86 7179.3 1478.16 5701.14 1240.12 4449.79 4007.25 532.976 217.559 836.959 550.14 286.819 238.038 203.594 86.6474 58.9707 3474.28 1001.75 706.455 583.468 569.315 442.535 1251.36 46.8332 1204.52 41.2414 105.356 403.163 288.782
internal_count=29217 28867 28023 5796 22227 4856 17358 15637 2074 844 3283 2162 1121 940 789 350 237 13563 3904 2749 2267 2211 1721 4869 181 4688 159 407 1573 1129
is_linear=0
shrinkage=0.02


Tree=14
num_leaves=31
num_cat=0
split_feature=6 2 7 9 4 4 0 0 4 2 5 0 0 7 7 4 1 7 0 0 0 1 4 6 4 0 6 6 5 0
split_gain=84.0729 60.1233 49.151 33.032 23.5299 23.407 20.2723 19.6181 20.0947 18.7767 17.2023 16.793 17.6013 16.5995 15.5832 14.1471 15.2163 13.8004 15.3 13.4857 13.2024 13.7926 13.0924 12.0081 11.7635 11.6272 11.5438 11.2306 10.9895 11.2352
threshold=2.546625921043479 0.99331961095984733 -0.015968240366646565 1.5000000000000002 -0.54139363188466294 -0.44809731540408754 18.978064856706002 53.991424714715535 0.51205248691497995 2.21240019930246 0.95238095240367471 69.697645220323821 33.357347666299766 -1.2424229549674235 1.0000000180025095e-35 -0.31757853354579851 105.56909675440862 2.2960980622210632 16.454777158350499 15.089469742404278 57.642077422974523 151.19415365722236 -0.014155385928082128 0.084339354634608385 -1.3160258083094898 36.068176410107959 0.084339354634608385 1.2204014569326402 0.86666666671100512 20.379846923381404
decision_type=2 2 2 2 2 2 2 2 2 2 2 2 2 2 2 2 2 2 2 2 2 2 2 2 2 2 2 2 2 2
left_child=1 -1 3 5 24 6 -3 8 14 -10 -9 12 15 -5 -6 28 -17 18 -16 -15 21 -2 26 -8 25 -4 -20 -11 29 -7
right_child=20 2 4 13 7 11 23 10 9 27 -12 -13 -14 19 17 16 -18 -19 22 -21 -22 -23 -24 -25 -26 -27 -28 -29 -30 -31
leaf_value=0.0096480886962732049 0.016251179612427679 -0.0054205616036523676 0.01757012650681233 -0.0017770969823360761 -0.00096282463739855943 -0.017921153665558617 0.026522940914776055 0.0052221094702035679 -0.0017390987073586375 0.009142665223083336 -0.022580251168203311 0.01681089718669463 -0.0071243318250223744 -0.018091259733946003 0.01083040186466307 -0.0038062360399398051 0.0046973537387211039 -0.0031947401953806255 -0.012864625572531419 -0.007567056260314009 -0.030118673078372189 -0.016510978461671665 0.0076659472807363814 0.0061544107212821251 0.0036764842822193961 -0.013165124148781085 0.0014013983301295737 0.0013448512217555167 0.014953249343929999 -0.003846901780224306
leaf_weight=318.66806389391422 5.6900241225957862 65.031552702188492 41.21758446097374 161.62480813264847 2397.8450613319874 34.573536396026611 12.26041257381439 480.61001954972744 148.41396693885326 241.52385650575161 9.0699081569910032 17.821688026189804 249.77713376283646 61.38438355922699 90.900689512491226 137.49428144097328 217.03859022259712 168.26259721815586 23.634963870048523 235.7424603998661 27.551631540060043 53.169799536466599 138.34081366658211 207.85612463951111 1184.1496363729239 5.5911986231803885 566.48063851892948 106.43542928993702 8.5342916101217252 65.99463763833046
leaf_count=1237 22 255 159 634 9369 137 47 1869 580 937 36 69 982 246 352 539 846 659 93 930 113 215 537 808 4609 22 2208 415 33 259
internal_value=0.000920907 0.00115005 0.000767428 -0.00248065 0.00162265 -0.000469977 0.00439037 0.00093486 0.000458999 0.004217 0.00470715 -0.00236529 -0.00284433 -0.00693539 -9.19948e-05 -0.000538539 0.00139951 0.0020223 0.00309366 -0.00974129 -0.0186924 -0.0133438 0.00212823 0.00728893 0.0040652 0.0138989 0.000830024 0.00675743 -0.0068363 -0.00868538
internal_weight=7482.69 7396.28 7077.61 1475.13 5602.48 1016.38 285.148 4371.52 3881.84 496.373 489.68 731.234 713.412 458.752 3385.46 463.635 354.533 987.62 819.357 297.127 86.4115 58.8598 728.456 220.117 1230.96 46.8088 590.116 347.959 109.102 100.568
internal_count=29217 28867 27630 5785 21845 3975 1110 17055 15150 1932 1905 2865 2796 1810 13218 1814 1385 3849 3190 1176 350 237 2838 855 4790 181 2301 1352 429 396
is_linear=0
shrinkage=0.02


Tree=15
num_leaves=31
num_cat=0
split_feature=6 2 7 7 7 8 3 8 4 4 3 3 4 6 3 3 3 2 6 1 7 4 2 5 4 1 3 4 4 5
split_gain=81.8791 56.6376 46.1033 31.2968 23.3276 30.754 23.1093 18.2891 16.3575 22.8898 15.9106 15.2031 14.4277 14.1143 12.0109 11.6044 11.9926 10.7249 10.3838 10.1444 10.9051 12.2825 9.93898 9.56058 9.71434 9.50396 9.33728 11.4556 10.2383 9.31584
threshold=3.9231138820574292 1.1101976423883995 1.0000000180025095e-35 1.5366604557314079 -0.015968240366646565 81.081080966035103 0.40277777774980311 49.999999847537886 -0.4171760471944595 -0.38206798963293059 0.36199425330973661 0.34693877549987773 -0.40177531727866206 0.10585592797072781 0.078651685386634793 0.056891303507195075 0.44381862479894546 2.3901139176619188 1.9544784235997625 165.578103731688 -1.5186081622277923 -1.2351732929806603 3.9035398467242453 0.25000000093767766 3.0824334465767094 69.615166131634183 0.17153629261294598 -0.36660496234368461 -0.90548439213259491 0.96296296297662753
decision_type=2 2 2 2 2 2 2 2 2 2 2 2 2 2 2 2 2 2 2 2 2 2 2 2 2 2 2 2 2 2
left_child=1 11 4 10 5 8 18 15 19 -10 13 12 -1 17 -9 -5 -17 -4 29 20 22 -22 25 -11 -25 -3 27 28 -15 -6
right_child=-2 2 3 7 6 -7 -8 14 9 23 -12 -13 -14 26 -16 16 -18 -19 -20 -21 21 -23 -24 24 -26 -27 -28 -29 -30 -31
leaf_value=0.011927853314975666 -0.023296253795589649 0.0019500971288512075 -0.022573190378921564 0.0042436323915029652 9.2494151923931415e-05 0.008045070344973539 0.0045247837450475689 0.014555084980777542 -0.016634289534730694 -0.0080650493145053483 0.0020705737043765458 0.018674010404843445 0.003697413272224866 0.014250157221063969 0.0009033933332634424 -0.0099679281538418811 0.018461398505763508 0.0013357057662139818 -0.011003892797534822 0.0086084416024511685 -0.016919250541271139 0.00078583638328341612 0.0029331309645467115 -0.0023638716991751831 -0.016306750144928515 -0.017081630116388986 0.0097712525234782462 0.0089352412725526003 -0.0014580101450097135 -0.016946883466000005
leaf_weight=137.0401199311018 55.839845329523087 13.83395032584667 8.5870901942253095 35.114949256181717 3334.1914720237255 104.11505720019341 499.0667869001627 28.212625175714493 61.966231912374496 180.42561186850071 397.71413794159889 49.066809251904488 225.18980354070663 19.410332381725311 298.82942676544189 129.0257975012064 6.2214807569980612 59.537366107106209 34.486850842833519 45.245357200503349 16.342790067195892 382.41485613584518 23.594905823469162 596.36045667529106 20.681112244725227 43.493640229105949 413.17822508513927 144.69990487396717 114.52065034210682 12.883966654539107
leaf_count=531 230 54 34 137 13017 404 1941 109 246 711 1550 190 877 75 1165 508 24 232 136 176 65 1497 92 2340 82 172 1601 561 447 51
internal_value=0.00083166 0.00101286 0.000590473 0.00350887 -0.000309136 -0.00243774 0.000507322 -0.000686866 -0.00322613 -0.00492518 0.00531164 0.00822639 0.00681118 0.00700786 0.00208107 -0.00600044 -0.00866016 -0.00167801 -8.55934e-05 -0.000444364 -0.00129826 6.02064e-05 -0.00799231 -0.00401534 -0.00283119 -0.012489 0.00786319 0.00503374 0.000818541 2.69041e-05
internal_weight=7491.29 7435.45 7024.16 1655.05 5369.1 1488.47 3880.63 497.404 1384.36 859.433 1157.65 411.297 362.23 759.934 327.042 170.362 135.247 68.1245 3381.56 524.925 479.68 398.758 80.9225 797.467 617.042 57.3276 691.809 278.631 133.931 3347.08
internal_count=29255 29025 27427 6443 20984 5839 15145 1943 5435 3379 4500 1598 1408 2950 1274 669 532 266 13204 2056 1880 1562 318 3133 2422 226 2684 1083 522 13068
is_linear=0
shrinkage=0.02


Tree=16
num_leaves=31
num_cat=0
split_feature=6 7 0 0 6 0 7 7 8 3 3 4 8 0 0 0 7 3 6 0 4 0 4 9 0 0 0 3 9 3
split_gain=78.9634 47.8853 37.7743 32.8794 23.4277 22.6596 22.1535 26.101 22.4768 21.9284 19.8093 19.6565 26.0568 22.3273 18.1541 18.5168 15.6461 15.6353 14.4939 15.5755 14.0872 13.3318 15.9594 13.2439 18.987 14.4569 14.3178 14.089 12.3057 12.2591
threshold=3.9231138820574292 -0.015968240366646565 17.379322318928889 85.118896119206042 0.51268578134365195 71.036359089134521 1.0000000180025095e-35 1.4333229566148022 49.999999765625013 0.40277777774980311 0.061918076730846254 -0.42079314294548026 63.157894504160801 60.254692557713803 54.643363930484831 37.985407615019682 -1.3003335088012589 0.36199425330973661 0.10585592797072781 72.380601384900118 -0.38206798963293059 29.776807384950178 -0.90548439213259491 1.0000000180025095e-35 71.036359089134521 9.9514052821499845 67.456744699061389 0.34399999997936553 1.5000000000000002 0.4120220224435725
decision_type=2 2 2 2 2 2 2 2 2 2 2 2 2 2 2 2 2 2 2 2 2 2 2 2 2 2 2 2 2 2
left_child=1 2 16 6 -5 11 9 17 -9 23 -7 28 20 -14 15 21 -1 18 -8 -20 -13 22 -11 26 25 -25 -3 -28 29 -4
right_child=-2 3 5 4 -6 10 7 8 -10 14 -12 12 13 -15 -16 -17 -18 -19 19 -21 -22 -23 -24 24 -26 -27 27 -29 -30 -31
leaf_value=-0.00015618333018930372 -0.022931719145457691 0.002522420210128792 0.0031584793738996626 0.02357427140549611 -0.017835870207432134 -0.011181310235228304 -0.0016608649710507662 -0.0056114666512631162 0.0028417403391695958 0.024328626636697305 0.025593776343967565 -0.014421839737167048 0.0068170031230950735 -0.029777186073145737 0.014448494160800464 -0.0035624073938298308 -0.012404866855598504 0.0020663227157883914 0.0082937133199893417 -0.019207036591069124 -0.003760001630873418 0.011380094869805391 0.0015039123315616543 -0.01236674945198314 0.010501889711230407 -0.00060956094316293554 -0.0093710211042112562 0.022093208940103533 -0.0020761375200219353 0.015430967334668423
leaf_weight=54.336512461304665 55.595414847135544 1189.637556552887 225.15824547410011 42.201947376132011 6.2777364999055854 7.8831244260072735 69.147245660424232 184.63454784452915 394.9888987839222 13.028303042054175 22.817873075604439 53.681758284568787 130.45192547142506 7.0285092890262595 67.189344227313995 116.35536040365696 179.57689769566059 378.48532769083977 666.19085274636745 8.3409812003374082 647.19075712561607 110.55274744331837 206.0882525742054 42.616336107254028 60.740843310952187 2278.2497134655714 65.912522614002228 6.2306647151708594 161.76335754990578 38.061292722821236
leaf_count=213 230 4633 877 163 25 31 270 725 1538 50 88 213 507 28 260 455 713 1475 2584 33 2542 428 803 169 236 8901 259 24 635 147
internal_value=0.000815113 0.000992685 -0.00216319 0.00180903 0.018212 -0.000826203 0.00167329 0.0035954 0.000149037 0.000886342 0.016151 -0.00123877 -0.00301499 0.00494617 0.00475685 0.00329689 -0.00955958 0.00537552 0.00705969 0.00795365 -0.00457662 0.00571785 0.00286103 0.000341136 -0.000536555 -0.000825449 0.00199777 -0.0066536 0.00226512 0.00493307
internal_weight=7490.41 7434.82 1527.95 5906.87 48.4797 1294.04 5858.39 1701.79 579.623 4156.6 30.701 1263.34 838.353 137.48 513.214 446.025 233.913 1122.16 743.679 674.532 700.873 329.669 219.117 3643.39 2381.61 2320.87 1261.78 72.1432 424.983 263.22
internal_count=29255 29025 5994 23031 188 5068 22843 6625 2263 16218 119 4949 3290 535 1996 1736 926 4362 2887 2617 2755 1281 853 14222 9306 9070 4916 283 1659 1024
is_linear=0
shrinkage=0.02


Tree=17
num_leaves=31
num_cat=0
split_feature=6 2 7 7 0 0 6 7 8 3 0 0 4 4 0 4 8 3 7 3 0 4 3 6 2 2 4 3 7 3
split_gain=76.1651 53.9232 42.5716 28.9988 25.4184 21.0735 26.9125 21.5467 24.8079 21.3264 20.6289 18.2861 24.0327 20.6827 18.0615 17.4658 16.8357 16.5947 14.8362 14.6918 14.6682 13.2653 13.115 13.0532 12.8281 12.44 11.748 11.653 11.5239 11.1553
threshold=3.9231138820574292 1.1101976423883995 1.0000000180025095e-35 1.5366604557314079 9.9514052821499845 72.380601384900118 1.0618786332455079 -1.0000000180025095e-35 81.081080966035103 0.14594594593805602 85.118896119206042 17.379322318928889 -0.4171760471944595 -0.38206798963293059 48.884263546530271 -0.43755775223313603 49.999999847537886 0.40560844776188887 -1.5186081622277923 0.36199425330973661 72.380601384900118 -0.40177531727866206 0.34399999997936553 0.10585592797072781 3.9405436867428887 2.2480208952947263 -0.38795686751302355 0.43083176983912946 -1.3003335088012589 0.056891303507195075
decision_type=2 2 2 2 2 2 2 2 2 2 2 2 2 2 2 2 2 2 2 2 2 2 2 2 2 2 2 2 2 2
left_child=1 10 4 19 -3 7 9 8 11 15 21 28 18 -14 -10 -7 29 -9 24 20 23 -1 -23 25 -13 -4 -22 -18 -6 -5
right_child=-2 2 3 16 5 6 -8 17 14 -11 -12 12 13 -15 -16 -17 27 -19 -20 -21 26 22 -24 -25 -26 -27 -28 -29 -30 -31
leaf_value=0.011626503710168053 -0.022577112493337107 -0.01186118196157146 -0.028862509189719901 0.0042700346385286863 0.00026036344428001225 0.015148046883211563 -0.020661333108512332 -2.5049103364240852e-05 0.0095271061329524325 0.018774644441588877 0.025153547906007278 -0.011475622571771324 -0.01618963152029947 -0.0033133822973118211 -0.022574486692751607 -0.011589979912778206 0.0046073906133554474 0.0040128824183073841 0.0037647894857783261 0.0019869578849345255 -0.038450053579424874 0.0022928379931192247 0.017069843222140453 0.0079069892677224966 0.0050074281967864695 0.0013069453010062138 0.0007230869563956704 -0.0034462892133572251 -0.011032654891537241 -0.0083828182847182926
leaf_weight=144.67093555629253 55.341803431510925 75.05243618786335 6.0358839035034171 35.112898781895638 46.417897254228592 17.348393708467484 11.513297334313391 3255.5545958131552 94.155052870512009 63.427781596779823 26.292064890265465 54.062821105122566 53.798496007919312 688.34011888504028 7.5747116655111304 22.376501843333244 220.41826398670673 465.29648084938526 320.97186861932278 397.73805695772171 4.9869365394115448 212.98510064184666 27.079136580228806 682.70084065198898 29.026554599404335 58.000256776809692 7.9347256422042829 106.62806756794453 163.30443826317787 135.15507055819035
leaf_count=561 230 298 24 137 182 67 46 12710 365 245 102 213 214 2703 30 88 857 1810 1252 1550 20 830 105 2649 113 226 31 417 648 532
internal_value=0.000798923 0.000972944 0.000560862 0.00336555 -0.00030366 -0.000139785 0.00834079 -0.000327568 -0.00238873 0.0115778 0.0080139 -0.0031034 -0.00210991 -0.0042468 0.00713685 8.68743e-05 -0.000673548 0.000479899 0.00181491 0.00510108 0.00673156 0.00684261 0.00395968 0.00709714 -0.00571741 -0.00153675 -0.0143952 0.00198162 -0.00853317 -0.00577353
internal_weight=7489.3 7433.96 7022.93 1654.71 5368.22 5293.17 114.666 5178.5 1457.65 103.153 411.027 1355.92 1146.2 742.139 101.73 39.7249 497.314 3720.85 404.061 1157.4 759.659 384.735 240.064 746.737 83.0894 64.0361 12.9217 327.046 209.722 170.268
internal_count=29255 29025 27427 6443 20984 20686 446 20240 5720 400 1598 5325 4495 2917 395 155 1943 14520 1578 4500 2950 1496 935 2899 326 250 51 1274 830 669
is_linear=0
shrinkage=0.02


Tree=18
num_leaves=31
num_cat=0
split_feature=6 2 0 4 0 5 0 3 4 2 9 3 3 0 2 4 3 1 5 0 3 4 4 2 6 1 5 1 0 2
split_gain=73.4783 51.8195 26.9504 21.5194 19.9203 18.5608 19.3663 32.2029 16.1507 17.9047 13.2356 19.7038 13.003 13.6669 12.947 12.7523 12.8257 12.2902 11.7757 10.8741 28.6144 14.738 12.6272 10.9662 10.2411 10.0334 9.80417 9.70676 10.1275 12.074
threshold=3.9231138820574292 1.1101976423883995 9.9514052821499845 -0.57084646475544409 85.118896119206042 0.96296296297662753 63.654252290328564 0.28888888887819852 0.38028260952338017 1.2189639069488338 1.0000000180025095e-35 0.62900252606129359 0.22424242422883742 27.290739880925567 3.8580304582953069 -0.40177531727866206 0.19999999998399276 22.755932530446916 0.44444444506171438 18.892535092493862 0.23529411763436525 -0.30965927233207174 0.26871447134153797 1.4870077814231524 1.0316372692733384 190.32024268084521 0.16666666770836494 145.86015978680081 60.254692557713803 1.92170166192643
decision_type=2 2 2 2 2 2 2 2 2 2 2 2 2 2 2 2 2 2 2 2 2 2 2 2 2 2 2 2 2 2
left_child=1 4 -3 18 15 6 8 14 10 -10 11 19 -11 -14 24 -1 -17 -18 -4 20 22 -22 23 -5 -8 26 -15 28 -21 -30
right_child=-2 2 3 5 -6 -7 7 -9 9 12 -12 -13 13 25 -16 16 17 -19 -20 27 21 -23 -24 -25 -26 -27 -28 -29 29 -31
leaf_value=0.011399943471233021 -0.022231902191327348 -0.010629317835448187 0.005331945725803219 0.025668287005163899 0.02472806461944034 -0.014732573825974569 -0.00021556452246439037 0.013293814202766603 -0.020273235066953343 0.00020123282870016513 -0.0013718833502527625 -0.014457740227846339 0.009251406573168721 -0.006546462868701388 0.022139625650517608 0.00040293207563901203 0.023678685663664201 0.0058755983753922625 0.0014924147555869852 0.0031806445124709661 -0.018669296342288765 -0.0039897568578291329 -0.02437161531305191 0.0019416177231699517 -0.020823841361458512 -0.0079817040083593679 0.0060770641456124085 -0.0013653086898542564 0.015326162396023604 -0.013612303123304106
leaf_weight=144.59592440724373 55.079752519726753 85.214910477399826 513.71605449914932 8.080753490328787 26.210387200117111 33.376483142375946 158.00836600363255 118.2179868966341 13.397621557116507 344.28348110616207 2755.5247407853603 32.957095295190811 197.40112480521202 29.838929995894432 9.8305144309997541 153.26074026525021 20.22640286386013 66.526677697896957 845.20415566861629 1041.5496322661638 48.304923504590988 63.085621938109398 7.0602651536464682 217.98770788311958 10.272528901696203 34.36922799050808 140.4333024173975 278.61044034361839 7.2506360858678809 28.187213778495789
leaf_count=561 230 338 1999 31 102 132 617 458 53 1345 10781 130 766 117 38 598 78 259 3297 4058 191 247 28 850 41 135 546 1090 28 111
internal_value=0.000783066 0.000953611 0.0005497 0.000687026 0.00785767 0.00013721 0.00022672 0.0052011 -5.41422e-05 0.00264262 -0.000510587 0.000858843 0.003054 0.00549692 -0.00017029 0.00670799 0.00388133 0.0100264 0.00294388 0.00115576 -0.00201706 -0.0103556 0.00196714 0.00278972 -0.00147357 0.00187527 0.00386489 0.00196212 0.0028229 -0.00769145
internal_weight=7488.06 7432.98 7022.16 6936.95 410.82 5578.03 5544.65 296.329 5248.32 759.724 4488.6 1733.07 746.326 402.043 178.111 384.61 240.014 86.7531 1358.92 1700.12 344.519 111.391 233.129 226.068 168.281 204.641 170.272 1355.6 1076.99 35.4378
internal_count=29255 29025 27427 27089 1598 21793 21661 1154 20507 2962 17545 6764 2909 1564 696 1496 935 337 5296 6634 1347 438 909 881 658 798 663 5287 4197 139
is_linear=0
shrinkage=0.02


Tree=19
num_leaves=31
num_cat=0
split_feature=6 2 0 4 0 5 0 3 4 2 5 9 0 9 2 3 0 4 3 0 4 9 3 2 2 1 5 4 9 3
split_gain=70.897 49.8009 25.9025 20.7585 19.2442 17.1839 20.0554 30.8695 16.4004 17.203 13.2194 12.8456 16.3826 19.9531 12.8417 12.4881 13.1247 12.2606 12.3579 11.3519 11.3063 11.0876 16.7172 10.2246 10.0437 9.68032 9.389 9.33536 9.09941 14.6824
threshold=3.9231138820574292 1.1101976423883995 9.9514052821499845 -0.53245439787668292 85.118896119206042 0.96296296297662753 63.654252290328564 0.28888888887819852 0.38028260952338017 1.2189639069488338 0.44444444506171438 1.5000000000000002 67.456744699061389 1.0000000180025095e-35 2.9972212652355803 0.22424242422883742 27.290739880925567 -0.40177531727866206 0.34399999997936553 69.697645220323821 -0.32962732330499728 1.0000000180025095e-35 0.62900252606129359 4.2857816715291461 2.4350895308029865 206.63241099856148 0.16666666770836494 1.313168272931807 1.0000000180025095e-35 0.45625809488402375
decision_type=2 2 2 2 2 2 2 2 2 2 2 2 2 2 2 2 2 2 2 2 2 2 2 2 2 2 2 2 2 2
left_child=1 4 -3 10 17 6 8 11 21 -10 19 12 -8 -14 -13 -11 28 -1 -19 24 -15 22 23 -5 -4 26 -18 -20 -17 -30
right_child=-2 2 3 5 -6 -7 7 -9 9 15 -12 14 13 20 -16 16 25 18 27 -21 -22 -23 -24 -25 -26 -27 -28 -29 29 -31
leaf_value=0.011178420139452352 -0.021895593193002362 -0.010425342144964407 -0.0011708838362525331 0.0015375639758391747 0.024315925047308288 -0.014284049378529472 0.012737747708956174 0.013314338819919181 -0.019878930004646612 0.00019720712476285624 0.0012507877219406585 -0.0039862399650498403 -0.0079956759652366847 0.024874551925927624 -0.032605337861764498 0.015072746921522892 -0.006425176030017965 0.0021881702151324979 0.0043623288153340576 0.021875513660742626 -0.0025809556979504663 -0.0014002805459409611 -0.013878616434359826 -0.0034802522413149755 0.0057714408232873776 -0.0092100405729822563 0.0056754604156680193 0.027893740850303869 0.0088131316687142976 -0.0099638974720669161
leaf_weight=144.51298950612545 54.809964403510094 85.145230636000633 100.66530101001263 1432.8500910401344 26.122425720095634 33.101728767156601 43.14433565735817 115.3598715364933 13.390171408653258 344.2852771282196 969.17445576190948 24.268103763461113 65.665622502565384 14.046832367777826 8.4569551497697812 66.763348564505577 31.111956730484962 212.9532084017992 13.021524831652643 15.579532265663145 10.472597837448118 2645.3220244646072 30.914017111063004 183.202781945467 484.80817030370235 27.466414958238602 146.05834193527699 13.987647116184233 111.04635901749134 19.596804156899452
leaf_count=561 230 338 393 5589 102 131 167 447 53 1345 3781 95 258 54 34 258 122 830 51 60 41 10351 122 718 1886 108 568 54 431 77
internal_value=0.000767476 0.000934602 0.000538723 0.000673302 0.00770478 8.14887e-05 0.000170648 0.00536703 -0.000118809 0.00258978 0.00269593 -0.000154048 0.00260183 -0.00224718 -0.0113821 0.0029929 0.00538697 0.00657617 0.00380455 0.00502615 0.0131479 -0.000598219 0.000690034 0.000968723 0.00457779 0.0018378 0.00355053 0.0165489 0.00906613 0.00599653
internal_weight=7487.3 7432.49 7021.9 6936.75 410.598 5366.52 5333.42 281.414 5052.01 759.719 1570.23 166.054 133.329 90.1851 32.7251 746.329 402.043 384.475 239.962 601.053 24.5194 4292.29 1646.97 1616.05 585.473 204.637 177.17 27.0092 197.407 130.643
internal_count=29255 29025 27427 27089 1598 20969 20838 1096 19742 2962 6120 649 520 353 129 2909 1564 1496 935 2339 95 16780 6429 6307 2279 798 690 105 766 508
is_linear=0
shrinkage=0.02


end of trees

feature_importances:
entry_adx=118
efficiency_ratio=94
volatility_zscore=85
st_slope=71
st_gap_ratio=53
rsi_7=46
session_cluster=40
candle_body_atr=38
wick_ratio=33
cci_abs=22

parameters:
[boosting: gbdt]
[objective: binary]
[metric: auc]
[tree_learner: serial]
[device_type: cpu]
[data_sample_strategy: bagging]
[data: ]
[valid: ]
[num_iterations: 1000]
[learning_rate: 0.02]
[num_leaves: 31]
[num_threads: 0]
[seed: 0]
[deterministic: 0]
[force_col_wise: 0]
[force_row_wise: 0]
[histogram_pool_size: -1]
[max_depth: -1]
[min_data_in_leaf: 20]
[min_sum_hessian_in_leaf: 0.001]
[bagging_fraction: 0.8]
[pos_bagging_fraction: 1]
[neg_bagging_fraction: 1]
[bagging_freq: 5]
[bagging_seed: 3]
[bagging_by_query: 0]
[feature_fraction: 0.8]
[feature_fraction_bynode: 1]
[feature_fraction_seed: 2]
[extra_trees: 0]
[extra_seed: 6]
[early_stopping_round: 0]
[early_stopping_min_delta: 0]
[first_metric_only: 0]
[max_delta_step: 0]
[lambda_l1: 0]
[lambda_l2: 0]
[linear_lambda: 0]
[min_gain_to_split: 0]
[drop_rate: 0.1]
[max_drop: 50]
[skip_drop: 0.5]
[xgboost_dart_mode: 0]
[uniform_drop: 0]
[drop_seed: 4]
[top_rate: 0.2]
[other_rate: 0.1]
[min_data_per_group: 100]
[max_cat_threshold: 32]
[cat_l2: 10]
[cat_smooth: 10]
[max_cat_to_onehot: 4]
[top_k: 20]
[monotone_constraints: ]
[monotone_constraints_method: basic]
[monotone_penalty: 0]
[feature_contri: ]
[forcedsplits_filename: ]
[refit_decay_rate: 0.9]
[cegb_tradeoff: 1]
[cegb_penalty_split: 0]
[cegb_penalty_feature_lazy: ]
[cegb_penalty_feature_coupled: ]
[path_smooth: 0]
[interaction_constraints: ]
[verbosity: -1]
[saved_feature_importance_type: 0]
[use_quantized_grad: 0]
[num_grad_quant_bins: 4]
[quant_train_renew_leaf: 0]
[stochastic_rounding: 1]
[linear_tree: 0]
[max_bin: 255]
[max_bin_by_feature: ]
[min_data_in_bin: 3]
[bin_construct_sample_cnt: 200000]
[data_random_seed: 1]
[is_enable_sparse: 1]
[enable_bundle: 1]
[use_missing: 1]
[zero_as_missing: 0]
[feature_pre_filter: 1]
[pre_partition: 0]
[two_round: 0]
[header: 0]
[label_column: ]
[weight_column: ]
[group_column: ]
[ignore_column: ]
[categorical_feature: ]
[forcedbins_filename: ]
[precise_float_parser: 0]
[parser_config_file: ]
[objective_seed: 5]
[num_class: 1]
[is_unbalance: 1]
[scale_pos_weight: 1]
[sigmoid: 1]
[boost_from_average: 1]
[reg_sqrt: 0]
[alpha: 0.9]
[fair_c: 1]
[poisson_max_delta_step: 0.7]
[tweedie_variance_power: 1.5]
[lambdarank_truncation_level: 30]
[lambdarank_norm: 1]
[label_gain: ]
[lambdarank_position_bias_regularization: 0]
[eval_at: ]
[multi_error_top_k: 1]
[auc_mu_weights: ]
[num_machines: 1]
[local_listen_port: 12400]
[time_out: 120]
[machine_list_filename: ]
[machines: ]
[gpu_platform_id: -1]
[gpu_device_id: -1]
[gpu_use_dp: 0]
[num_gpu: 1]

end of parameters

pandas_categorical:[]
